node_id,dx_mm,dy_mm,dz_mm,total_mm
23381,0.0002086777,0.0000727536,-0.0005696616,0.0006110269
23382,0.0002053477,0.0000748097,-0.0005577741,0.0005990627
23383,0.0002016377,0.0000768235,-0.0005439643,0.0005851981
23384,0.0001972078,0.0000791849,-0.0005284569,0.0005695857
23385,0.0001925780,0.0000813541,-0.0005111167,0.0005522183
23386,0.0001875500,0.0000832908,-0.0004921986,0.0005332653
23387,0.0001818720,0.0000857053,-0.0004717548,0.0005128113
23388,0.0001758928,0.0000882574,-0.0004495532,0.0004907400
23389,0.0001693374,0.0000910272,-0.0004256254,0.0004670312
23390,0.0001625408,0.0000935247,-0.0004003735,0.0004421146
23391,0.0001551658,0.0000966999,-0.0003737493,0.0004160719
23392,0.0001475094,0.0000996628,-0.0003456150,0.0003887691
23393,0.0001393407,0.0001031734,-0.0003162728,0.0003606786
23394,0.0001311024,0.0001066317,-0.0002856653,0.0003319079
23395,0.0001226864,0.0001102376,-0.0002536961,0.0003025988
23396,0.0001139965,0.0001139015,-0.0002212952,0.0002737523
23397,0.0001049848,0.0001178030,-0.0001875724,0.0002451178
23398,0.0000955283,0.0001222322,-0.0001530580,0.0002179291
23399,0.0000861657,0.0001265494,-0.0001179016,0.0001932357
23400,0.0000765461,0.0001311944,-0.0000822159,0.0001727158
23401,0.0000668314,0.0001360070,-0.0000457839,0.0001583051
23402,0.0000572658,0.0001408683,-0.0000098001,0.0001523788
23403,0.0000474129,0.0001460564,0.0000275506,0.0001560112
23404,0.0000378358,0.0001512033,0.0000640900,0.0001685275
23405,0.0000279827,0.0001566672,0.0001012915,0.0001886468
23406,0.0000183939,0.0001620493,0.0001382067,0.0002137742
23407,0.0000090384,0.0001674697,0.0001746538,0.0002421399
23408,-0.0000003033,0.0001730175,0.0002109531,0.0002728303
23409,-0.0000094758,0.0001785637,0.0002466499,0.0003046489
23410,-0.0000184027,0.0001841079,0.0002815755,0.0003369260
23411,-0.0000271008,0.0001896102,0.0003157350,0.0003692900
23412,-0.0000354803,0.0001950907,0.0003490333,0.0004014268
23413,-0.0000436113,0.0002005793,0.0003813750,0.0004331061
23414,-0.0000513237,0.0002058360,0.0004123648,0.0004637319
23415,-0.0000586675,0.0002107710,0.0004422068,0.0004933692
23416,-0.0000657429,0.0002156742,0.0004705055,0.0005217402
23417,-0.0000723299,0.0002203357,0.0004974645,0.0005488628
23418,-0.0000785385,0.0002247955,0.0005226878,0.0005743726
23419,-0.0000843088,0.0002288737,0.0005464789,0.0005984399
23420,-0.0000897207,0.0002327102,0.0005685410,0.0006208404
23421,-0.0000948244,0.0002362752,0.0005887775,0.0006414644
23422,-0.0000995400,0.0002395689,0.0006071049,0.0006602104
23423,-0.0001039071,0.0002423408,0.0006236913,0.0006771385
23424,-0.0001079762,0.0002445915,0.0006381730,0.0006919167
23425,-0.0001116571,0.0002463006,0.0006504322,0.0007044100
23426,-0.0001149299,0.0002475783,0.0006604751,0.0007146546
23427,-0.0001176546,0.0002485048,0.0006683102,0.0007226588
23428,-0.0001201813,0.0002487600,0.0006742365,0.0007286425
23429,-0.0001221399,0.0002484940,0.0006774555,0.0007318561
23430,-0.0001236906,0.0002475167,0.0006787665,0.0007329992
23431,-0.0001249034,0.0002461385,0.0006777763,0.0007318236
23432,-0.0001258681,0.0002442089,0.0006747774,0.0007285638
23433,-0.0001266251,0.0002417687,0.0006695797,0.0007230650
23434,-0.0001270240,0.0002387972,0.0006623756,0.0007154723
23435,-0.0001272653,0.0002353452,0.0006532688,0.0007059348
23436,-0.0001273486,0.0002313720,0.0006421582,0.0006943470
23437,-0.0001272341,0.0002269880,0.0006292440,0.0006809259
23438,-0.0001270218,0.0002220433,0.0006144259,0.0006655501
23439,-0.0001267517,0.0002166378,0.0005979032,0.0006484490
23440,-0.0001264138,0.0002105616,0.0005795751,0.0006294632
23441,-0.0001258382,0.0002042548,0.0005595405,0.0006088028
23442,-0.0001251448,0.0001974074,0.0005380981,0.0005866690
23443,-0.0001244638,0.0001901296,0.0005153464,0.0005632250
23444,-0.0001238150,0.0001825612,0.0004911838,0.0005384424
23445,-0.0001231784,0.0001746325,0.0004658083,0.0005124908
23446,-0.0001225842,0.0001663633,0.0004393177,0.0004854932
23447,-0.0001220423,0.0001578339,0.0004118098,0.0004575950
23448,-0.0001215227,0.0001490743,0.0003834820,0.0004290097
23449,-0.0001211155,0.0001400444,0.0003543316,0.0003997903
23450,-0.0001208205,0.0001308344,0.0003245556,0.0003702048
23451,-0.0001205179,0.0001216043,0.0002942508,0.0003404346
23452,-0.0001203277,0.0001123042,0.0002633140,0.0003105241
23453,-0.0001203197,0.0001028041,0.0002321414,0.0002809540
23454,-0.0001204241,0.0000932140,0.0002008296,0.0002520384
23455,-0.0001205808,0.0000836841,0.0001692742,0.0002240458
23456,-0.0001208698,0.0000742044,0.0001375715,0.0001975898
23457,-0.0001213012,0.0000647049,0.0001061169,0.0001736707
23458,-0.0001218648,0.0000553258,0.0000748060,0.0001533229
23459,-0.0001225408,0.0000461369,0.0000438140,0.0001380744
23460,-0.0001232490,0.0000371285,0.0000131061,0.0001293855
23461,-0.0001241296,0.0000282005,-0.0000170528,0.0001284298
23462,-0.0001250924,0.0000195930,-0.0000466980,0.0001349544
23463,-0.0001261377,0.0000110853,-0.0000759787,0.0001476698
23464,-0.0001272849,0.0000028494,-0.0001042561,0.0001645567
23465,-0.0001284546,-0.0000051765,-0.0001319550,0.0001842267
23466,-0.0001297267,-0.0000130723,-0.0001590441,0.0002056573
23467,-0.0001309802,-0.0000203452,-0.0001846434,0.0002272948
23468,-0.0001322668,-0.0000274896,-0.0002099232,0.0002496356
23469,-0.0001334644,-0.0000342505,-0.0002334603,0.0002710896
23470,-0.0001346350,-0.0000407523,-0.0002562760,0.0002923435
23471,-0.0001359175,-0.0000467627,-0.0002781136,0.0003130615
23472,-0.0001371120,-0.0000525520,-0.0002987185,0.0003328576
23473,-0.0001381789,-0.0000579708,-0.0003180765,0.0003516059
23474,-0.0001392378,-0.0000629385,-0.0003362800,0.0003693679
23475,-0.0001404084,-0.0000675943,-0.0003534003,0.0003862322
23476,-0.0001412416,-0.0000719200,-0.0003692533,0.0004018329
23477,-0.0001420364,-0.0000758938,-0.0003836836,0.0004161097
23478,-0.0001426931,-0.0000794563,-0.0003969258,0.0004292141
23479,-0.0001431117,-0.0000826375,-0.0004088176,0.0004409556
23480,-0.0001435222,-0.0000854373,-0.0004194169,0.0004514518
23481,-0.0001437846,-0.0000879256,-0.0004288218,0.0004607527
23482,-0.0001438587,-0.0000901825,-0.0004369702,0.0004687976
23483,-0.0001438447,-0.0000921479,-0.0004438604,0.0004755992
23484,-0.0001435623,-0.0000938017,-0.0004495507,0.0004811494
23485,-0.0001431017,-0.0000952239,-0.0004540045,0.0004854542
23486,-0.0001424727,-0.0000963545,-0.0004571953,0.0004884775
23487,-0.0001416853,-0.0000971634,-0.0004592396,0.0004903228
23488,-0.0001405495,-0.0000977306,-0.0004601060,0.0004909205
23489,-0.0001391853,-0.0000981761,-0.0004597153,0.0004902543
23490,-0.0001378426,-0.0000983698,-0.0004583472,0.0004886300
23491,-0.0001360113,-0.0000983816,-0.0004558136,0.0004857407
23492,-0.0001342114,-0.0000981416,-0.0004522484,0.0004818434
23493,-0.0001320330,-0.0000977398,-0.0004476865,0.0004768742
23494,-0.0001298458,-0.0000971560,-0.0004421810,0.0004709811
23495,-0.0001274000,-0.0000964703,-0.0004357809,0.0004641575
23496,-0.0001248153,-0.0000956826,-0.0004285472,0.0004564940
23497,-0.0001221119,-0.0000947829,-0.0004205572,0.0004480664
23498,-0.0001191996,-0.0000938412,-0.0004118500,0.0004389022
23499,-0.0001161084,-0.0000928474,-0.0004023687,0.0004289550
23500,-0.0001129183,-0.0000917715,-0.0003922806,0.0004183977
23501,-0.0001095892,-0.0000906436,-0.0003815898,0.0004072307
23502,-0.0001061110,-0.0000895235,-0.0003704056,0.0003955684
23503,-0.0001025944,-0.0000883915,-0.0003586007,0.0003833186
23504,-0.0000990675,-0.0000872369,-0.0003465394,0.0003708291
23505,-0.0000954422,-0.0000860904,-0.0003339417,0.0003578237
23506,-0.0000916677,-0.0000849517,-0.0003210155,0.0003444861
23507,-0.0000878732,-0.0000838606,-0.0003078821,0.0003309769
23508,-0.0000840694,-0.0000828172,-0.0002944873,0.0003172525
23509,-0.0000802068,-0.0000817818,-0.0002808086,0.0003032736
23510,-0.0000764026,-0.0000808336,-0.0002672696,0.0002894900
23511,-0.0000725320,-0.0000799039,-0.0002531786,0.0002752179
23512,-0.0000687089,-0.0000790213,-0.0002394863,0.0002613790
23513,-0.0000648690,-0.0000782268,-0.0002252561,0.0002471189
23514,-0.0000610786,-0.0000774999,-0.0002112092,0.0002331226
23515,-0.0000573676,-0.0000768306,-0.0001973596,0.0002194192
23516,-0.0000536881,-0.0000762391,-0.0001832659,0.0002056239
23517,-0.0000515904,-0.0000742930,-0.0001774006,0.0001991281
23518,-0.0000495038,-0.0000722748,-0.0001714238,0.0001925108
23519,-0.0000474547,-0.0000702874,-0.0001653386,0.0001858201
23520,-0.0000453703,-0.0000683998,-0.0001592726,0.0001791780
23521,-0.0000432688,-0.0000665276,-0.0001530186,0.0001723741
23522,-0.0000411834,-0.0000648436,-0.0001466896,0.0001655857
23523,-0.0000391122,-0.0000631541,-0.0001401995,0.0001586635
23524,-0.0000370202,-0.0000615179,-0.0001338045,0.0001518505
23525,-0.0000349148,-0.0000599981,-0.0001272724,0.0001449726
23526,-0.0000328368,-0.0000586901,-0.0001207330,0.0001382000
23527,-0.0000307444,-0.0000574612,-0.0001142393,0.0001315204
23528,-0.0000286602,-0.0000562282,-0.0001077540,0.0001248757
23529,-0.0000265610,-0.0000551511,-0.0001012957,0.0001183551
23530,-0.0000244639,-0.0000540760,-0.0000949144,0.0001119439
23531,-0.0000223717,-0.0000531253,-0.0000885499,0.0001056593
23532,-0.0000202707,-0.0000522034,-0.0000823773,0.0000996098
23533,-0.0000181630,-0.0000515031,-0.0000763735,0.0000938902
23534,-0.0000160727,-0.0000508159,-0.0000704995,0.0000883785
23535,-0.0000139692,-0.0000502034,-0.0000647958,0.0000831506
23536,-0.0000118252,-0.0000496147,-0.0000593315,0.0000782412
23537,-0.0000095067,-0.0000491340,-0.0000539410,0.0000735809
23538,-0.0000071177,-0.0000486293,-0.0000490115,0.0000694089
23539,-0.0000046571,-0.0000482120,-0.0000448288,0.0000659978
23540,-0.0000019361,-0.0000480760,-0.0000409549,0.0000631851
23541,0.0000007369,-0.0000477737,-0.0000381168,0.0000611209
23542,0.0000031978,-0.0000475414,-0.0000367991,0.0000602045
23543,0.0000044486,-0.0000474735,-0.0000362152,0.0000598754
23544,0.0000045762,-0.0000482893,-0.0000352774,0.0000599774
23545,0.0000018851,-0.0000506019,-0.0000444951,0.0000674086
23546,-0.0000009978,-0.0000523074,-0.0000547375,0.0000757182
23547,-0.0000043619,-0.0000532858,-0.0000657013,0.0000847058
23548,-0.0000081586,-0.0000533323,-0.0000766828,0.0000937611
23549,-0.0000122942,-0.0000525089,-0.0000871074,0.0001024501
23550,-0.0000166351,-0.0000509567,-0.0000966902,0.0001105546
23551,-0.0000212957,-0.0000487289,-0.0001050065,0.0001177046
23552,-0.0000260483,-0.0000459698,-0.0001119314,0.0001237755
23553,-0.0000308602,-0.0000426153,-0.0001173109,0.0001285700
23554,-0.0000356597,-0.0000387589,-0.0001208311,0.0001318106
23555,-0.0000405521,-0.0000343497,-0.0001226395,0.0001336593
23556,-0.0000452798,-0.0000294670,-0.0001226344,0.0001340065
23557,-0.0000497579,-0.0000239610,-0.0001210457,0.0001330490
23558,-0.0000541568,-0.0000180511,-0.0001173348,0.0001304847
23559,-0.0000580447,-0.0000116035,-0.0001120449,0.0001267197
23560,-0.0000623307,-0.0000040665,-0.0001051914,0.0001223393
23561,-0.0000664442,0.0000039735,-0.0000966319,0.0001173385
23562,-0.0000703032,0.0000126763,-0.0000864162,0.0001121204
23563,-0.0000741779,0.0000213703,-0.0000748671,0.0001075367
23564,-0.0000781285,0.0000309864,-0.0000617700,0.0001043061
23565,-0.0000822851,0.0000412641,-0.0000472334,0.0001034628
23566,-0.0000864177,0.0000516130,-0.0000316588,0.0001055188
23567,-0.0000901965,0.0000616828,-0.0000152712,0.0001103331
23568,-0.0000944014,0.0000723631,0.0000017711,0.0001189588
23569,-0.0000978225,0.0000823836,0.0000204463,0.0001295158
23570,-0.0001015098,0.0000923338,0.0000396088,0.0001428238
23571,-0.0001042732,0.0001017433,0.0000594894,0.0001573646
23572,-0.0001056228,0.0001100119,0.0000793951,0.0001719371
23573,-0.0001057083,0.0001178790,0.0000987687,0.0001866145
23574,-0.0001032899,0.0001256644,0.0001171895,0.0002004837
23575,-0.0000973772,0.0001333477,0.0001331425,0.0002121104
23576,-0.0000886102,0.0001408885,0.0001443289,0.0002203001
23577,-0.0000765587,0.0001493364,0.0001488558,0.0002243226
23578,-0.0000634025,0.0001573013,0.0001455463,0.0002234889
23579,-0.0000490484,0.0001639026,0.0001344097,0.0002175678
23580,-0.0000355112,0.0001683302,0.0001154611,0.0002071892
23581,-0.0000230287,0.0001700237,0.0000905721,0.0001940146
23582,-0.0000124166,0.0001683328,0.0000612202,0.0001795495
23583,-0.0000035936,0.0001639973,0.0000295493,0.0001666769
23584,0.0000039556,0.0001562070,-0.0000022003,0.0001562725
23585,0.0000111172,0.0001463315,-0.0000330317,0.0001504247
23586,0.0000178007,0.0001349308,-0.0000616215,0.0001494001
23587,0.0000247113,0.0001226346,-0.0000877996,0.0001528354
23588,0.0000317346,0.0001090927,-0.0001118187,0.0001594106
23589,0.0000384827,0.0000958051,-0.0001320747,0.0001676403
23590,0.0000448906,0.0000825415,-0.0001492462,0.0001763595
23591,0.0000511069,0.0000705019,-0.0001633841,0.0001851399
23592,0.0000570665,0.0000594262,-0.0001742220,0.0001927209
23593,0.0000627974,0.0000489844,-0.0001824154,0.0001990436
23594,0.0000677220,0.0000393664,-0.0001882220,0.0002038713
23595,0.0000720126,0.0000300622,-0.0001918411,0.0002071052
23596,0.0000756434,0.0000299147,-0.0002013722,0.0002171810
23597,0.0000793261,0.0000308894,-0.0002110294,0.0002275526
23598,0.0000821424,0.0000317294,-0.0002214271,0.0002382941
23599,0.0000850342,0.0000335249,-0.0002313363,0.0002487393
23600,0.0000881368,0.0000353651,-0.0002417396,0.0002597245
23601,0.0000912091,0.0000370050,-0.0002518292,0.0002703820
23602,0.0000945890,0.0000385802,-0.0002628243,0.0002819789
23603,0.0000978098,0.0000405269,-0.0002735552,0.0002933286
23604,0.0001013489,0.0000417021,-0.0002845386,0.0003049145
23605,0.0001055242,0.0000431880,-0.0002962719,0.0003174549
23606,0.0001095967,0.0000446475,-0.0003082220,0.0003301600
23607,0.0001137450,0.0000456362,-0.0003207566,0.0003433735
23608,0.0001179648,0.0000468646,-0.0003333582,0.0003567067
23609,0.0001223081,0.0000483734,-0.0003463535,0.0003704862
23610,0.0001271459,0.0000497518,-0.0003598948,0.0003849228
23611,0.0001321178,0.0000511061,-0.0003734179,0.0003993844
23612,0.0001369130,0.0000524180,-0.0003877997,0.0004145858
23613,0.0001421565,0.0000542726,-0.0004023215,0.0004301355
23614,0.0001480054,0.0000557723,-0.0004177139,0.0004466554
23615,0.0001535294,0.0000573323,-0.0004329443,0.0004629244
23616,0.0001597995,0.0000589781,-0.0004488012,0.0004800384
23617,0.0001660325,0.0000611345,-0.0004650772,0.0004975953
23618,0.0001724080,0.0000630227,-0.0004816549,0.0005154492
23619,0.0001789956,0.0000649589,-0.0004985294,0.0005336578
23620,0.0001861435,0.0000668946,-0.0005156745,0.0005523083
23621,0.0001932298,0.0000689453,-0.0005332556,0.0005713604
23622,0.0002009088,0.0000709138,-0.0005513076,0.0005910442
23623,-0.0000968898,0.0000896950,0.0000493450,0.0001409530
23624,-0.0000956128,0.0000912937,0.0000688886,0.0001490704
23625,-0.0000967096,0.0000965571,0.0000969273,0.0001675438
23626,-0.0000969414,0.0001003599,0.0001221470,0.0001854444
23627,-0.0000970633,0.0001042406,0.0001503339,0.0002070934
23628,-0.0000970577,0.0001089793,0.0001790333,0.0002309754
23629,-0.0000964276,0.0001142131,0.0002070662,0.0002553808
23630,-0.0000958888,0.0001191741,0.0002340893,0.0002796336
23631,-0.0000954319,0.0001239314,0.0002599695,0.0003033980
23632,-0.0000953513,0.0001287689,0.0002854366,0.0003273337
23633,-0.0000951329,0.0001345892,0.0003119101,0.0003527781
23634,-0.0000946400,0.0001406169,0.0003385404,0.0003786020
23635,-0.0000950217,0.0001462771,0.0003635898,0.0004032662
23636,-0.0000951927,0.0001525339,0.0003881366,0.0004277596
23637,-0.0000958923,0.0001584228,0.0004109846,0.0004507787
23638,-0.0000967061,0.0001645097,0.0004340155,0.0004741150
23639,-0.0000979781,0.0001707531,0.0004564602,0.0004971039
23640,-0.0000991957,0.0001772142,0.0004786139,0.0005199192
23641,-0.0001006637,0.0001842462,0.0005010983,0.0005433041
23642,-0.0001023552,0.0001910621,0.0005227903,0.0005659426
23643,-0.0001041657,0.0001980673,0.0005440822,0.0005883083
23644,-0.0001062472,0.0002050540,0.0005646147,0.0006100208
23645,-0.0001078314,0.0002119335,0.0005834938,0.0006300861
23646,-0.0001097680,0.0002197175,0.0006029283,0.0006510356
23647,-0.0001126397,0.0002272551,0.0006216055,0.0006713613
23648,-0.0001137361,0.0002337841,0.0006365115,0.0006875593
23649,-0.0001157601,0.0002412051,0.0006532425,0.0007059080
23650,-0.0000957140,0.0001468163,0.0003710133,0.0004103256
23651,-0.0000958014,0.0001412829,0.0003528249,0.0003919492
23652,-0.0000955939,0.0001352271,0.0003332542,0.0003721330
23653,-0.0000952732,0.0001286158,0.0003118325,0.0003505118
23654,-0.0000947516,0.0001215672,0.0002881511,0.0003267836
23655,-0.0000942556,0.0001143996,0.0002641314,0.0003028808
23656,-0.0000937907,0.0001069629,0.0002395129,0.0002785752
23657,-0.0000931642,0.0000997963,0.0002159002,0.0002554442
23658,-0.0000925795,0.0000919685,0.0001899930,0.0002304919
23659,-0.0000918917,0.0000841760,0.0001639171,0.0002059089
23660,-0.0000912944,0.0000762321,0.0001374768,0.0001817852
23661,-0.0000907825,0.0000680871,0.0001106822,0.0001585177
23662,-0.0000902782,0.0000601348,0.0000837773,0.0001370583
23663,-0.0000898275,0.0000519373,0.0000573385,0.0001185502
23664,-0.0000895459,0.0000440230,0.0000319172,0.0001047626
23665,-0.0000892667,0.0000363218,0.0000064226,0.0000965871
23666,-0.0000890215,0.0000286403,-0.0000183218,0.0000952931
23667,-0.0000888119,0.0000212105,-0.0000424347,0.0001006884
23668,-0.0000886711,0.0000140906,-0.0000652732,0.0001110032
23669,-0.0000885407,0.0000070885,-0.0000874063,0.0001246176
23670,-0.0000885883,0.0000005648,-0.0001087807,0.0001402906
23671,-0.0000885384,-0.0000055868,-0.0001286908,0.0001563061
23672,-0.0000887705,-0.0000115244,-0.0001472032,0.0001722841
23673,-0.0000888799,-0.0000171077,-0.0001641273,0.0001874302
23674,-0.0000887185,-0.0000223161,-0.0001807638,0.0002025945
23675,-0.0000882741,-0.0000267963,-0.0001946169,0.0002153743
23676,-0.0000883040,-0.0000315323,-0.0002081954,0.0002283357
23677,-0.0000880414,-0.0000358130,-0.0002207781,0.0002403681
23678,-0.0000876763,-0.0000394023,-0.0002316221,0.0002507757
23679,-0.0000870828,-0.0000428366,-0.0002410132,0.0002598187
23680,-0.0000863216,-0.0000459757,-0.0002487635,0.0002672985
23681,-0.0000857205,-0.0000488692,-0.0002551344,0.0002735503
23682,-0.0000848510,-0.0000513058,-0.0002605519,0.0002787818
23683,-0.0000840076,-0.0000533984,-0.0002649500,0.0002830321
23684,-0.0000827662,-0.0000551466,-0.0002667767,0.0002847125
23685,-0.0000809728,-0.0000563957,-0.0002669579,0.0002846113
23686,-0.0000792508,-0.0000577016,-0.0002665064,0.0002839645
23687,-0.0000775378,-0.0000586645,-0.0002650018,0.0002822757
23688,-0.0000757385,-0.0000593820,-0.0002622437,0.0002793462
23689,-0.0000735471,-0.0000598186,-0.0002585679,0.0002753993
23690,-0.0000717186,-0.0000604366,-0.0002546252,0.0002713487
23691,-0.0000691284,-0.0000605093,-0.0002485405,0.0002649764
23692,-0.0000661908,-0.0000605851,-0.0002408835,0.0002570538
23693,-0.0000636034,-0.0000604837,-0.0002330007,0.0002489840
23694,-0.0000608037,-0.0000601934,-0.0002246183,0.0002403616
23695,-0.0000578608,-0.0000598027,-0.0002154701,0.0002309797
23696,-0.0000549340,-0.0000594580,-0.0002057420,0.0002210945
23697,-0.0000518176,-0.0000589743,-0.0001954230,0.0002106019
23698,-0.0000486699,-0.0000584465,-0.0001846266,0.0001996791
23699,-0.0000455410,-0.0000578820,-0.0001735571,0.0001885375
23700,-0.0000423775,-0.0000572966,-0.0001622315,0.0001771943
23701,-0.0000392654,-0.0000567004,-0.0001508713,0.0001658881
23702,-0.0000362142,-0.0000561372,-0.0001395766,0.0001547401
23703,-0.0000335216,-0.0000556813,-0.0001294025,0.0001448072
23704,-0.0000305514,-0.0000551826,-0.0001181230,0.0001339088
23705,-0.0000275487,-0.0000546556,-0.0001068324,0.0001231232
23706,-0.0000492319,-0.0000296916,-0.0001306152,0.0001427084
23707,-0.0000530447,-0.0000295638,-0.0001383012,0.0001510463
23708,-0.0000564977,-0.0000290523,-0.0001458792,0.0001591125
23709,-0.0000598998,-0.0000281200,-0.0001518687,0.0001656588
23710,-0.0000630924,-0.0000274690,-0.0001572909,0.0001716846
23711,-0.0000668216,-0.0000264291,-0.0001621946,0.0001773999
23712,-0.0000702009,-0.0000246500,-0.0001645670,0.0001806048
23713,-0.0000732589,-0.0000228827,-0.0001656722,0.0001825863
23714,-0.0000762361,-0.0000211638,-0.0001654835,0.0001834248
23715,-0.0000790977,-0.0000196100,-0.0001647990,0.0001838469
23716,-0.0000815954,-0.0000183719,-0.0001629706,0.0001831796
23717,-0.0000840739,-0.0000168520,-0.0001606636,0.0001821132
23718,-0.0000864955,-0.0000133355,-0.0001521900,0.0001755594
23719,-0.0000685368,-0.0000293951,-0.0001731172,0.0001884965
23720,-0.0000666361,-0.0000331363,-0.0001792497,0.0001940847
23721,-0.0000651784,-0.0000366493,-0.0001842265,0.0001988235
23722,-0.0000632360,-0.0000397556,-0.0001871268,0.0002014839
23723,-0.0000608176,-0.0000424184,-0.0001882179,0.0002022970
23724,-0.0000586269,-0.0000444601,-0.0001885231,0.0002023729
23725,-0.0000565229,-0.0000465060,-0.0001879761,0.0002017243
23726,-0.0000541395,-0.0000484605,-0.0001860623,0.0001997466
23727,-0.0000512352,-0.0000497579,-0.0001818361,0.0001953593
23728,-0.0000482833,-0.0000508723,-0.0001765539,0.0001899752
23729,-0.0000452854,-0.0000519303,-0.0001699970,0.0001834298
23730,-0.0000421117,-0.0000528184,-0.0001628327,0.0001762885
23731,-0.0000393769,-0.0000533323,-0.0001557527,0.0001692742
23732,-0.0000363616,-0.0000537095,-0.0001469030,0.0001605845
23733,-0.0000330008,-0.0000536934,-0.0001368662,0.0001506798
23734,-0.0000298534,-0.0000536345,-0.0001267637,0.0001408436
23735,-0.0000267835,-0.0000533336,-0.0001163626,0.0001307750
23736,-0.0000235778,-0.0000528777,-0.0001055975,0.0001204276
23737,-0.0000205352,-0.0000522835,-0.0000948457,0.0001102314
23738,-0.0000176412,-0.0000516734,-0.0000840918,0.0001002635
23739,-0.0000147127,-0.0000508857,-0.0000733042,0.0000904397
23740,-0.0000120514,-0.0000499949,-0.0000634131,0.0000816452
23741,-0.0000213810,-0.0000498645,-0.0001076632,0.0001205611
23742,-0.0000261723,-0.0000496666,-0.0001186510,0.0001312624
23743,-0.0000311174,-0.0000497145,-0.0001304078,0.0001429896
23744,-0.0000362806,-0.0000496193,-0.0001431762,0.0001558133
23745,-0.0000414049,-0.0000494732,-0.0001559718,0.0001687874
23746,-0.0000463080,-0.0000495926,-0.0001685091,0.0001816567
23747,-0.0000271893,-0.0000508661,-0.0001227792,0.0001356515
23748,-0.0000235553,-0.0000517828,-0.0001143811,0.0001277472
23749,-0.0000204447,-0.0000524017,-0.0001057938,0.0001198176
23750,-0.0000167798,-0.0000526715,-0.0000957141,0.0001105307
23751,-0.0000132431,-0.0000524914,-0.0000854365,0.0001011441
23752,-0.0000104356,-0.0000520299,-0.0000761005,0.0000927755
23753,-0.0000073259,-0.0000513290,-0.0000658180,0.0000837875
23754,-0.0000042848,-0.0000503350,-0.0000559688,0.0000753955
23755,-0.0000014812,-0.0000491142,-0.0000464226,0.0000675977
23756,-0.0000077787,-0.0000526781,-0.0000753760,0.0000922878
23757,-0.0000117507,-0.0000525998,-0.0000846696,0.0001003681
23758,-0.0000001776,-0.0000505412,-0.0000517829,0.0000723596
23759,-0.0000028761,-0.0000507580,-0.0000576704,0.0000768799
23760,0.0000027049,-0.0000487922,-0.0000427903,0.0000649538
23761,0.0000001506,-0.0000493923,-0.0000474544,0.0000684949
23762,-0.0000038818,-0.0000520747,-0.0000634082,0.0000821428
23763,-0.0000083668,-0.0000521581,-0.0000748570,0.0000916190
23764,-0.0000061044,-0.0000516200,-0.0000669331,0.0000847463
23765,-0.0000124374,-0.0000523336,-0.0000877460,0.0001029216
23766,-0.0000180548,-0.0000520086,-0.0001015013,0.0001154703
23767,-0.0000156410,-0.0000524437,-0.0000945522,0.0001092479
23768,-0.0000167914,-0.0000514485,-0.0000982999,0.0001122130
23769,-0.0000219109,-0.0000511294,-0.0001103615,0.0001235879
23770,-0.0000183779,-0.0000528691,-0.0000975518,0.0001124689
23771,-0.0000234594,-0.0000530241,-0.0001102922,0.0001246045
23772,-0.0000282385,-0.0000533516,-0.0001232335,0.0001372235
23773,-0.0000090313,-0.0000510958,-0.0000662917,0.0000841840
23774,-0.0000138288,-0.0000518017,-0.0000782569,0.0000948620
23775,-0.0000186776,-0.0000523164,-0.0000914666,0.0001070140
23776,-0.0000108184,-0.0000508936,-0.0000674521,0.0000851879
23777,-0.0000078269,-0.0000497007,-0.0000564582,0.0000756237
23778,-0.0000061658,-0.0000501963,-0.0000560475,0.0000754918
23779,-0.0000039716,-0.0000489544,-0.0000477093,0.0000684725
23780,-0.0000127738,-0.0000507398,-0.0000695747,0.0000870536
23781,-0.0000097400,-0.0000497148,-0.0000587038,0.0000775407
23782,-0.0000156506,-0.0000515890,-0.0000804776,0.0000968660
23783,-0.0000200484,-0.0000528270,-0.0000996647,0.0001145674
23784,-0.0000168695,-0.0000523836,-0.0000890478,0.0001046811
23785,-0.0000151749,-0.0000526104,-0.0000871518,0.0001029251
23786,-0.0000120320,-0.0000519351,-0.0000766804,0.0000933912
23787,-0.0000250359,-0.0000531787,-0.0001128518,0.0001272411
23788,-0.0000218413,-0.0000528793,-0.0001022325,0.0001171527
23789,-0.0000257288,-0.0000524000,-0.0001184941,0.0001320931
23790,-0.0000308727,-0.0000526283,-0.0001324040,0.0001457864
23791,-0.0000367813,-0.0000524471,-0.0001483626,0.0001616014
23792,-0.0000270762,-0.0000529590,-0.0001210016,0.0001348301
23793,-0.0000219483,-0.0000526905,-0.0001081392,0.0001222788
23794,-0.0000313394,-0.0000532380,-0.0001330680,0.0001467090
23795,-0.0000349312,-0.0000530568,-0.0001428385,0.0001563267
23796,-0.0000379550,-0.0000507833,-0.0001490963,0.0001620162
23797,-0.0000343703,-0.0000516037,-0.0001410846,0.0001541075
23798,-0.0000326177,-0.0000509252,-0.0001356350,0.0001485064
23799,-0.0000289391,-0.0000516740,-0.0001275631,0.0001406415
23800,-0.0000431065,-0.0000507642,-0.0001626988,0.0001758012
23801,-0.0000399999,-0.0000518224,-0.0001558848,0.0001690729
23802,-0.0000534293,-0.0000336456,-0.0001487184,0.0001615669
23803,-0.0000499558,-0.0000372881,-0.0001503918,0.0001627995
23804,-0.0000464841,-0.0000406768,-0.0001493224,0.0001615938
23805,-0.0000426443,-0.0000435457,-0.0001470664,0.0001591958
23806,-0.0000391432,-0.0000461193,-0.0001436518,0.0001558686
23807,-0.0000350663,-0.0000480240,-0.0001378511,0.0001501296
23808,-0.0000361561,-0.0000419142,-0.0001279343,0.0001393960
23809,-0.0000415599,-0.0000411910,-0.0001389031,0.0001507249
23810,-0.0000261610,-0.0000479649,-0.0001160300,0.0001282498
23811,-0.0000302176,-0.0000478485,-0.0001258361,0.0001379757
23812,-0.0000313721,-0.0000454458,-0.0001235976,0.0001353731
23813,-0.0000374275,-0.0000441504,-0.0001354673,0.0001473142
23814,-0.0000343825,-0.0000464181,-0.0001331179,0.0001451108
23815,-0.0000451399,-0.0000342167,-0.0001316469,0.0001433154
23816,-0.0000408158,-0.0000382762,-0.0001308522,0.0001423140
23817,-0.0000493826,-0.0000338263,-0.0001405279,0.0001527447
23818,-0.0000457899,-0.0000376959,-0.0001406830,0.0001526741
23819,-0.0000474617,-0.0000431240,-0.0001582934,0.0001707896
23820,-0.0000520025,-0.0000427015,-0.0001684272,0.0001813709
23821,-0.0000566645,-0.0000421978,-0.0001782996,0.0001917870
23822,-0.0000487678,-0.0000456533,-0.0001668560,0.0001797316
23823,-0.0000451135,-0.0000477327,-0.0001615790,0.0001744174
23824,-0.0000441411,-0.0000457855,-0.0001550261,0.0001675644
23825,-0.0000401545,-0.0000478464,-0.0001497922,0.0001622941
23826,-0.0000492630,-0.0000480632,-0.0001733276,0.0001864922
23827,-0.0000539702,-0.0000444726,-0.0001776713,0.0001909390
23828,-0.0000524047,-0.0000468498,-0.0001780195,0.0001913952
23829,-0.0000543656,-0.0000367345,-0.0001592240,0.0001722130
23830,-0.0000585006,-0.0000361698,-0.0001673634,0.0001809450
23831,-0.0000629411,-0.0000339381,-0.0001731388,0.0001873244
23832,-0.0000552466,-0.0000396661,-0.0001687383,0.0001819291
23833,-0.0000508927,-0.0000403159,-0.0001595043,0.0001722123
23834,-0.0000591722,-0.0000395429,-0.0001777058,0.0001914271
23835,-0.0000617983,-0.0000371588,-0.0001775723,0.0001916552
23836,-0.0000608094,-0.0000319279,-0.0001630670,0.0001769407
23837,-0.0000573229,-0.0000328127,-0.0001564574,0.0001698279
23838,-0.0000647322,-0.0000302936,-0.0001680652,0.0001826304
23839,-0.0000470901,-0.0000533638,-0.0001768592,0.0001906420
23840,-0.0000516775,-0.0000538840,-0.0001904942,0.0002046023
23841,-0.0000565503,-0.0000547268,-0.0002050773,0.0002196581
23842,-0.0000612314,-0.0000558139,-0.0002195903,0.0002347006
23843,-0.0000659460,-0.0000567304,-0.0002334608,0.0002491408
23844,-0.0000708910,-0.0000579920,-0.0002480921,0.0002644585
23845,-0.0000284608,-0.0000534968,-0.0001202643,0.0001346678
23846,-0.0000332124,-0.0000541432,-0.0001352479,0.0001494207
23847,-0.0000380779,-0.0000549678,-0.0001506420,0.0001648163
23848,-0.0000429133,-0.0000559386,-0.0001664541,0.0001807696
23849,-0.0000479011,-0.0000570658,-0.0001825865,0.0001972026
23850,-0.0000528874,-0.0000583871,-0.0001989815,0.0002140088
23851,-0.0000350267,-0.0000545699,-0.0001402834,0.0001545451
23852,-0.0000321398,-0.0000541255,-0.0001299304,0.0001443760
23853,-0.0000292097,-0.0000536531,-0.0001195193,0.0001342264
23854,-0.0000263858,-0.0000531084,-0.0001091248,0.0001241971
23855,-0.0000236643,-0.0000524665,-0.0000989553,0.0001144765
23856,-0.0000209632,-0.0000518074,-0.0000889641,0.0001050623
23857,-0.0000184599,-0.0000513709,-0.0000793529,0.0000963152
23858,-0.0000196175,-0.0000518211,-0.0000885059,0.0001044201
23859,-0.0000243574,-0.0000526617,-0.0001037417,0.0001188649
23860,-0.0000168246,-0.0000511837,-0.0000781845,0.0000949508
23861,-0.0000142362,-0.0000503593,-0.0000686589,0.0000863295
23862,-0.0000189699,-0.0000514659,-0.0000835502,0.0000999462
23863,-0.0000163474,-0.0000507382,-0.0000738821,0.0000911052
23864,-0.0000216413,-0.0000520632,-0.0000935790,0.0001092518
23865,-0.0000253905,-0.0000529934,-0.0001095433,0.0001243090
23866,-0.0000223798,-0.0000524196,-0.0000988708,0.0001141232
23867,-0.0000302534,-0.0000537075,-0.0001247537,0.0001391519
23868,-0.0000272900,-0.0000532256,-0.0001142092,0.0001289242
23869,-0.0000311008,-0.0000540977,-0.0001248475,0.0001395733
23870,-0.0000358701,-0.0000552150,-0.0001409159,0.0001555398
23871,-0.0000407443,-0.0000564821,-0.0001572325,0.0001719662
23872,-0.0000254679,-0.0000529242,-0.0001038894,0.0001193424
23873,-0.0000298139,-0.0000540955,-0.0001185331,0.0001336611
23874,-0.0000346175,-0.0000553408,-0.0001349586,0.0001499160
23875,-0.0000268573,-0.0000535056,-0.0001073925,0.0001229525
23876,-0.0000234418,-0.0000528601,-0.0000946115,0.0001108830
23877,-0.0000226832,-0.0000523112,-0.0000935000,0.0001095136
23878,-0.0000201711,-0.0000519468,-0.0000837669,0.0001006094
23879,-0.0000268887,-0.0000539234,-0.0001059882,0.0001219190
23880,-0.0000242789,-0.0000534864,-0.0000960154,0.0001125577
23881,-0.0000317215,-0.0000548092,-0.0001242269,0.0001394368
23882,-0.0000297362,-0.0000545237,-0.0001165258,0.0001320429
23883,-0.0000328875,-0.0000546614,-0.0001298962,0.0001447152
23884,-0.0000281924,-0.0000534882,-0.0001142212,0.0001292372
23885,-0.0000376878,-0.0000559414,-0.0001461599,0.0001609738
23886,-0.0000448157,-0.0000566525,-0.0001724845,0.0001869996
23887,-0.0000418824,-0.0000562308,-0.0001621838,0.0001766908
23888,-0.0000389001,-0.0000557887,-0.0001516817,0.0001662316
23889,-0.0000369527,-0.0000551196,-0.0001458580,0.0001602443
23890,-0.0000399355,-0.0000555371,-0.0001562086,0.0001705296
23891,-0.0000340090,-0.0000546091,-0.0001354507,0.0001499522
23892,-0.0000467973,-0.0000575103,-0.0001787491,0.0001935166
23893,-0.0000498707,-0.0000579732,-0.0001890568,0.0002039373
23894,-0.0000438303,-0.0000570411,-0.0001681216,0.0001828651
23895,-0.0000535014,-0.0000550870,-0.0001979295,0.0002123042
23896,-0.0000506450,-0.0000553628,-0.0001897667,0.0002040622
23897,-0.0000474764,-0.0000555920,-0.0001808159,0.0001950355
23898,-0.0000442901,-0.0000555833,-0.0001711457,0.0001853159
23899,-0.0000411638,-0.0000553503,-0.0001610385,0.0001751899
23900,-0.0000426596,-0.0000547420,-0.0001659667,0.0001798929
23901,-0.0000379568,-0.0000540748,-0.0001512952,0.0001650910
23902,-0.0000458822,-0.0000547256,-0.0001752571,0.0001892489
23903,-0.0000488299,-0.0000543544,-0.0001835028,0.0001975147
23904,-0.0000411687,-0.0000540526,-0.0001608489,0.0001746107
23905,-0.0000440306,-0.0000536969,-0.0001694368,0.0001831144
23906,-0.0000364013,-0.0000544832,-0.0001457191,0.0001597734
23907,-0.0000395651,-0.0000546754,-0.0001559507,0.0001699276
23908,-0.0000315421,-0.0000538456,-0.0001308352,0.0001449555
23909,-0.0000348037,-0.0000540689,-0.0001412186,0.0001551691
23910,-0.0000523610,-0.0000565315,-0.0001957622,0.0002103814
23911,-0.0000570015,-0.0000576734,-0.0002108925,0.0002259447
23912,-0.0000615724,-0.0000590268,-0.0002256852,0.0002412657
23913,-0.0000540664,-0.0000576095,-0.0002018548,0.0002167657
23914,-0.0000509411,-0.0000574075,-0.0001924379,0.0002071786
23915,-0.0000491275,-0.0000564422,-0.0001864596,0.0002009139
23916,-0.0000460699,-0.0000562703,-0.0001765158,0.0001909099
23917,-0.0000588204,-0.0000589593,-0.0002174101,0.0002328158
23918,-0.0000559132,-0.0000587151,-0.0002084253,0.0002236400
23919,-0.0000633012,-0.0000574124,-0.0002281125,0.0002435950
23920,-0.0000600175,-0.0000575053,-0.0002193844,0.0002346028
23921,-0.0000584901,-0.0000561490,-0.0002129508,0.0002278637
23922,-0.0000552311,-0.0000563467,-0.0002045751,0.0002192633
23923,-0.0000641433,-0.0000589468,-0.0002331581,0.0002489012
23924,-0.0000685891,-0.0000583889,-0.0002437127,0.0002598261
23925,-0.0000672586,-0.0000591589,-0.0002410675,0.0002571713
23926,-0.0000629585,-0.0000447137,-0.0001988279,0.0002132970
23927,-0.0000671886,-0.0000448945,-0.0002087448,0.0002238397
23928,-0.0000712567,-0.0000451779,-0.0002181474,0.0002338949
23929,-0.0000753360,-0.0000453248,-0.0002268722,0.0002433123
23930,-0.0000789155,-0.0000457093,-0.0002346893,0.0002517858
23931,-0.0000829072,-0.0000456760,-0.0002419169,0.0002597762
23932,-0.0000694627,-0.0000470436,-0.0002202616,0.0002356976
23933,-0.0000678384,-0.0000490937,-0.0002211213,0.0002364463
23934,-0.0000658650,-0.0000509351,-0.0002197978,0.0002350397
23935,-0.0000636058,-0.0000521937,-0.0002177832,0.0002328076
23936,-0.0000616431,-0.0000531579,-0.0002155432,0.0002304008
23937,-0.0000591722,-0.0000540834,-0.0002109402,0.0002256594
23938,-0.0000560700,-0.0000501639,-0.0001947066,0.0002087365
23939,-0.0000610765,-0.0000505757,-0.0002073408,0.0002219875
23940,-0.0000500027,-0.0000525953,-0.0001838721,0.0001976752
23941,-0.0000544835,-0.0000533216,-0.0001969242,0.0002111653
23942,-0.0000533389,-0.0000515263,-0.0001908425,0.0002047458
23943,-0.0000586662,-0.0000516018,-0.0002046295,0.0002190381
23944,-0.0000572431,-0.0000526450,-0.0002030938,0.0002174749
23945,-0.0000607918,-0.0000463845,-0.0001990121,0.0002131970
23946,-0.0000588162,-0.0000484245,-0.0001975849,0.0002117642
23947,-0.0000654199,-0.0000465664,-0.0002098536,0.0002246925
23948,-0.0000630987,-0.0000488647,-0.0002093400,0.0002240367
23949,-0.0000683109,-0.0000528370,-0.0002304596,0.0002461093
23950,-0.0000725222,-0.0000538296,-0.0002427205,0.0002589794
23951,-0.0000764770,-0.0000549845,-0.0002546161,0.0002714800
23952,-0.0000707415,-0.0000550420,-0.0002408599,0.0002569970
23953,-0.0000684282,-0.0000559859,-0.0002379960,0.0002538877
23954,-0.0000661866,-0.0000538833,-0.0002281374,0.0002435791
23955,-0.0000638283,-0.0000550479,-0.0002245718,0.0002398683
23956,-0.0000749293,-0.0000563168,-0.0002537124,0.0002704736
23957,-0.0000731832,-0.0000572387,-0.0002513944,0.0002680135
23958,-0.0000721138,-0.0000496449,-0.0002321109,0.0002480736
23959,-0.0000765631,-0.0000504694,-0.0002430883,0.0002598095
23960,-0.0000809308,-0.0000502016,-0.0002512119,0.0002686586
23961,-0.0000742789,-0.0000521203,-0.0002431177,0.0002594998
23962,-0.0000701757,-0.0000513532,-0.0002314138,0.0002472127
23963,-0.0000783839,-0.0000536882,-0.0002546869,0.0002718306
23964,-0.0000803252,-0.0000526108,-0.0002554189,0.0002728715
23965,-0.0000778060,-0.0000480556,-0.0002390727,0.0002559666
23966,-0.0000739086,-0.0000476895,-0.0002305097,0.0002467215
23967,-0.0000818828,-0.0000483067,-0.0002472154,0.0002648656
23968,-0.0000780369,-0.0000248424,-0.0001772292,0.0001952359
23969,-0.0000770610,-0.0000293774,-0.0001882728,0.0002055433
23970,-0.0000762657,-0.0000332682,-0.0001975787,0.0002143842
23971,-0.0000753643,-0.0000367385,-0.0002050163,0.0002214976
23972,-0.0000739324,-0.0000397659,-0.0002102534,0.0002263931
23973,-0.0000727096,-0.0000426667,-0.0002145761,0.0002305429
23974,-0.0000684196,-0.0000363724,-0.0001906458,0.0002057912
23975,-0.0000719021,-0.0000365571,-0.0001981934,0.0002139789
23976,-0.0000668747,-0.0000394565,-0.0001951141,0.0002099966
23977,-0.0000650001,-0.0000424698,-0.0001976075,0.0002123144
23978,-0.0000704174,-0.0000394142,-0.0002025569,0.0002180399
23979,-0.0000689185,-0.0000425318,-0.0002061391,0.0002214770
23980,-0.0000706354,-0.0000322605,-0.0001848079,0.0002004596
23981,-0.0000741365,-0.0000303179,-0.0001859564,0.0002024727
23982,-0.0000735980,-0.0000339716,-0.0001938985,0.0002101603
23983,-0.0000717967,-0.0000280437,-0.0001756526,0.0001918204
23984,-0.0000751735,-0.0000261126,-0.0001767121,0.0001938042
23985,-0.0000784751,-0.0000361791,-0.0002095674,0.0002266843
23986,-0.0000818933,-0.0000360229,-0.0002139123,0.0002318677
23987,-0.0000849538,-0.0000358640,-0.0002174352,0.0002361809
23988,-0.0000809301,-0.0000393430,-0.0002222001,0.0002397299
23989,-0.0000802601,-0.0000425190,-0.0002292075,0.0002465474
23990,-0.0000776146,-0.0000395930,-0.0002169063,0.0002337519
23991,-0.0000765925,-0.0000425214,-0.0002225864,0.0002392053
23992,-0.0000843562,-0.0000394156,-0.0002272437,0.0002455795
23993,-0.0000835139,-0.0000425954,-0.0002351880,0.0002531844
23994,-0.0000801935,-0.0000284034,-0.0001903324,0.0002084806
23995,-0.0000830123,-0.0000275917,-0.0001919057,0.0002109031
23996,-0.0000856667,-0.0000272124,-0.0001933412,0.0002132138
23997,-0.0000825326,-0.0000324296,-0.0002035511,0.0002220279
23998,-0.0000795176,-0.0000328476,-0.0002007348,0.0002183952
23999,-0.0000854229,-0.0000319720,-0.0002059931,0.0002252830
24000,-0.0000835263,-0.0000225298,-0.0001773337,0.0001973106
24001,-0.0000806615,-0.0000238407,-0.0001777184,0.0001966176
24002,-0.0000858981,-0.0000223176,-0.0001791788,0.0001999540
24003,-0.0000867193,-0.0000183840,-0.0001673679,0.0001893944
24004,-0.0000956295,0.0001060493,0.0001819888,0.0002313252
24005,-0.0000942859,0.0000978386,0.0001566972,0.0002074036
24006,-0.0000928151,0.0000894251,0.0001311109,0.0001838519
24007,-0.0000911632,0.0000810869,0.0001059116,0.0001615645
24008,-0.0000893962,0.0000724291,0.0000822311,0.0001414200
24009,-0.0000876442,0.0000632897,0.0000568791,0.0001221569
24010,-0.0000858709,0.0000550431,0.0000321426,0.0001069425
24011,-0.0000840136,0.0000457433,0.0000069747,0.0000959134
24012,-0.0000825766,0.0000370818,-0.0000167697,0.0000920607
24013,-0.0000810311,0.0000281452,-0.0000387225,0.0000941149
24014,-0.0000796970,0.0000207816,-0.0000594267,0.0001015629
24015,-0.0000785323,0.0000127244,-0.0000792039,0.0001122608
24016,-0.0000765270,0.0000048578,-0.0000974966,0.0001240386
24017,-0.0000755279,-0.0000019276,-0.0001140998,0.0001368464
24018,-0.0000742683,-0.0000080585,-0.0001286850,0.0001487970
24019,-0.0000730137,-0.0000140952,-0.0001427369,0.0001609457
24020,-0.0000716366,-0.0000195889,-0.0001545068,0.0001714289
24021,-0.0000705810,0.0000141125,-0.0000823402,0.0001093652
24022,-0.0000724399,0.0000165523,-0.0000774838,0.0001073557
24023,-0.0000740271,0.0000192818,-0.0000702422,0.0001038546
24024,-0.0000765014,0.0000234489,-0.0000603560,0.0001002255
24025,-0.0000787326,0.0000283042,-0.0000457234,0.0000953445
24026,-0.0000808218,0.0000329243,-0.0000312179,0.0000926862
24027,-0.0000717997,0.0000103492,-0.0000863412,0.0001127701
24028,-0.0000693200,0.0000022076,-0.0001006915,0.0001222657
24029,-0.0000669651,-0.0000054097,-0.0001133856,0.0001317949
24030,-0.0000644322,-0.0000125332,-0.0001250761,0.0001412537
24031,-0.0000621379,-0.0000188931,-0.0001341950,0.0001490851
24032,-0.0000593048,-0.0000239518,-0.0001415102,0.0001552929
24033,-0.0000610846,-0.0000107786,-0.0001148772,0.0001305538
24034,-0.0000638748,-0.0000084326,-0.0001147862,0.0001316320
24035,-0.0000533967,-0.0000240619,-0.0001277906,0.0001405724
24036,-0.0000559320,-0.0000245329,-0.0001346262,0.0001478325
24037,-0.0000571613,-0.0000182779,-0.0001230615,0.0001369147
24038,-0.0000612704,-0.0000147578,-0.0001238932,0.0001390013
24039,-0.0000590159,-0.0000204701,-0.0001316068,0.0001456786
24040,-0.0000675189,0.0000052232,-0.0000949426,0.0001166198
24041,-0.0000646084,-0.0000028851,-0.0001059035,0.0001240892
24042,-0.0000696153,0.0000076179,-0.0000915513,0.0001152648
24043,-0.0000670531,-0.0000004014,-0.0001038186,0.0001235904
24044,-0.0000675588,-0.0000096784,-0.0001237875,0.0001413549
24045,-0.0000703527,-0.0000069977,-0.0001218074,0.0001408387
24046,-0.0000729204,-0.0000044525,-0.0001184928,0.0001392040
24047,-0.0000686691,-0.0000133414,-0.0001337384,0.0001509285
24048,-0.0000669072,-0.0000185965,-0.0001435995,0.0001595094
24049,-0.0000655488,-0.0000230737,-0.0001521679,0.0001672845
24050,-0.0000631030,-0.0000222155,-0.0001452346,0.0001599018
24051,-0.0000651523,-0.0000162172,-0.0001349549,0.0001507337
24052,-0.0000701658,-0.0000162614,-0.0001437948,0.0001608248
24053,-0.0000715263,-0.0000106757,-0.0001321172,0.0001506152
24054,-0.0000687007,-0.0000213100,-0.0001537802,0.0001697712
24055,-0.0000719092,0.0000055256,-0.0000963348,0.0001203406
24056,-0.0000741741,0.0000074455,-0.0000928812,0.0001190972
24057,-0.0000763781,0.0000097353,-0.0000879055,0.0001168579
24058,-0.0000723245,0.0000000793,-0.0001079729,0.0001299577
24059,-0.0000700371,-0.0000022956,-0.0001116111,0.0001317858
24060,-0.0000745018,0.0000024345,-0.0001035506,0.0001275898
24061,-0.0000768477,0.0000205714,-0.0000641639,0.0001022045
24062,-0.0000757511,0.0000136310,-0.0000788213,0.0001101673
24063,-0.0000740594,0.0000139977,-0.0000785950,0.0001088940
24064,-0.0000790771,0.0000245710,-0.0000516819,0.0000976112
24065,-0.0000776801,0.0000172515,-0.0000695293,0.0001056699
24066,-0.0000815286,0.0000452311,-0.0000340301,0.0000992513
24067,-0.0000824406,0.0000507569,-0.0000158150,0.0000980960
24068,-0.0000844654,0.0000566024,0.0000036930,0.0001017442
24069,-0.0000864678,0.0000620674,0.0000254000,0.0001094267
24070,-0.0000883393,0.0000672938,0.0000486565,0.0001212425
24071,-0.0000902915,0.0000753936,0.0000793428,0.0001418873
24072,-0.0000817528,0.0000468922,-0.0000171354,0.0000957916
24073,-0.0000791239,0.0000371674,-0.0000354012,0.0000943146
24074,-0.0000765495,0.0000276855,-0.0000538608,0.0000976079
24075,-0.0000738924,0.0000229826,-0.0000680133,0.0001030247
24076,-0.0000748501,0.0000248434,-0.0000624795,0.0001006152
24077,-0.0000775228,0.0000337099,-0.0000517730,0.0000991291
24078,-0.0000795486,0.0000410939,-0.0000337141,0.0000956730
24079,-0.0000771720,0.0000327872,-0.0000477304,0.0000964816
24080,-0.0000811967,0.0000421502,-0.0000198542,0.0000936148
24081,-0.0000832284,0.0000467731,-0.0000035605,0.0000955372
24082,-0.0000845472,0.0000506963,0.0000136502,0.0000995223
24083,-0.0000806283,0.0000370947,-0.0000254151,0.0000923194
24084,-0.0000789776,0.0000325001,-0.0000404844,0.0000945130
24085,-0.0000824135,0.0000413475,-0.0000096357,0.0000927063
24086,-0.0000854322,0.0000567333,0.0000208901,0.0001046600
24087,-0.0000837914,0.0000518361,0.0000014818,0.0000985402
24088,-0.0000864621,0.0000596809,0.0000373740,0.0001115094
24089,-0.0000885421,0.0000675804,0.0000601839,0.0001266054
24090,-0.0000936569,0.0000867531,0.0000723891,0.0001467580
24091,-0.0000905530,0.0000766032,0.0000488990,0.0001282927
24092,-0.0000872634,0.0000666156,0.0000257693,0.0001127679
24093,-0.0000890418,0.0000715141,0.0000244641,0.0001167956
24094,-0.0000886314,0.0000663507,0.0000039187,0.0001107849
24095,-0.0000926390,0.0000822766,0.0000469202,0.0001324875
24096,-0.0000930467,0.0000779926,0.0000245612,0.0001238701
24097,-0.0000857834,0.0000613936,0.0000038948,0.0001055610
24098,-0.0000849420,0.0000561013,-0.0000153576,0.0001029483
24099,-0.0000940088,0.0000924848,0.0001289722,0.0001844585
24100,-0.0000932444,0.0000871801,0.0001008764,0.0001626989
24101,-0.0000919334,0.0000816359,0.0000742070,0.0001436065
24102,-0.0000953259,0.0000959238,0.0001258617,0.0001847419
24103,-0.0000956108,0.0001007690,0.0001541343,0.0002074927
24104,-0.0000946355,0.0000913622,0.0000985686,0.0001643737
24105,-0.0000908492,0.0000775985,0.0000750416,0.0001410898
24106,-0.0000921620,0.0000838955,0.0001038129,0.0001622017
24107,-0.0000891845,0.0000717564,0.0000494933,0.0001247094
24108,-0.0000838089,0.0000409424,-0.0000009690,0.0000932800
24109,-0.0000851440,0.0000446001,0.0000142105,0.0000971628
24110,-0.0000863265,0.0000484967,0.0000304218,0.0001035842
24111,-0.0000875553,0.0000531027,0.0000493194,0.0001136584
24112,-0.0000886521,0.0000582956,0.0000700687,0.0001271503
24113,-0.0000895566,0.0000630935,0.0000903228,0.0001419837
24114,-0.0000775794,0.0000009778,-0.0001081880,0.0001331321
24115,-0.0000798452,0.0000033565,-0.0001012087,0.0001289563
24116,-0.0000819125,0.0000061793,-0.0000927120,0.0001238683
24117,-0.0000839144,0.0000098728,-0.0000813809,0.0001173113
24118,-0.0000855183,0.0000139154,-0.0000677870,0.0001100095
24119,-0.0000871549,0.0000177712,-0.0000547830,0.0001044652
24120,-0.0000812380,-0.0000009187,-0.0001136025,0.0001396638
24121,-0.0000803363,-0.0000075980,-0.0001326006,0.0001552243
24122,-0.0000799102,-0.0000141288,-0.0001497033,0.0001702831
24123,-0.0000782209,-0.0000099348,-0.0001370823,0.0001581416
24124,-0.0000755528,-0.0000122658,-0.0001406056,0.0001600893
24125,-0.0000788275,-0.0000032934,-0.0001197635,0.0001434152
24126,-0.0000767583,-0.0000057658,-0.0001254663,0.0001471967
24127,-0.0000771552,-0.0000160145,-0.0001524434,0.0001716053
24128,-0.0000744609,-0.0000179269,-0.0001538187,0.0001718313
24129,-0.0000828795,-0.0000052413,-0.0001271554,0.0001518716
24130,-0.0000847402,-0.0000040157,-0.0001228138,0.0001492657
24131,-0.0000866327,-0.0000019930,-0.0001169461,0.0001455527
24132,-0.0000843088,-0.0000102610,-0.0001419807,0.0001654442
24133,-0.0000819215,-0.0000123457,-0.0001463583,0.0001681794
24134,-0.0000866027,-0.0000078173,-0.0001347832,0.0001603984
24135,-0.0000851847,0.0000072595,-0.0000885992,0.0001231217
24136,-0.0000852289,0.0000014511,-0.0001066224,0.0001365079
24137,-0.0000834446,0.0000019083,-0.0001052937,0.0001343630
24138,-0.0000870366,0.0000107233,-0.0000769708,0.0001166828
24139,-0.0000868397,0.0000042864,-0.0000970879,0.0001303287
24140,-0.0000853287,0.0000394727,0.0000044710,0.0000941227
24141,-0.0000845143,0.0000312085,-0.0000209281,0.0000924912
24142,-0.0000834097,0.0000226276,-0.0000459604,0.0000978853
24143,-0.0000828260,0.0000143161,-0.0000698281,0.0001092752
24144,-0.0000828980,0.0000275376,-0.0000349154,0.0000940717
24145,-0.0000815108,0.0000240383,-0.0000478879,0.0000975454
24146,-0.0000839967,0.0000356020,-0.0000109031,0.0000918794
24147,-0.0000824915,0.0000321013,-0.0000247834,0.0000919215
24148,-0.0000808043,0.0000106673,-0.0000805196,0.0001145711
24149,-0.0000819533,0.0000190541,-0.0000584514,0.0001024499
24150,-0.0000787457,0.0000075765,-0.0000897543,0.0001196416
24151,-0.0000804974,0.0000158330,-0.0000694340,0.0001074784
24152,-0.0000850577,0.0000264886,-0.0000325713,0.0000948544
24153,-0.0000862219,0.0000291346,-0.0000215942,0.0000935380
24154,-0.0000878674,0.0000324109,-0.0000088667,0.0000940731
24155,-0.0000858429,0.0000214336,-0.0000451086,0.0000993136
24156,-0.0000843834,0.0000179340,-0.0000576530,0.0001037596
24157,-0.0000874935,0.0000248467,-0.0000322686,0.0000965077
24158,-0.0000879516,0.0000500337,0.0000444899,0.0001105361
24159,-0.0000871721,0.0000422523,0.0000198062,0.0000988763
24160,-0.0000869130,0.0000356162,-0.0000001891,0.0000939278
24161,-0.0000858562,0.0000354478,-0.0000047960,0.0000930098
24162,-0.0000867312,0.0000442826,0.0000226710,0.0000999861
24163,-0.0000886027,0.0000472547,0.0000392189,0.0001078033
24164,-0.0000889714,0.0000551704,0.0000644512,0.0001229375
24165,-0.0000883068,0.0000398099,0.0000157274,0.0000981339
24166,-0.0000902843,0.0000777511,0.0001064373,0.0001597667
24167,-0.0000909537,0.0000834700,0.0001319170,0.0001806708
24168,-0.0000915244,0.0000890802,0.0001576004,0.0002028544
24169,-0.0000921306,0.0000948867,0.0001832501,0.0002259914
24170,-0.0000927966,0.0001009822,0.0002094647,0.0002503679
24171,-0.0000935595,0.0001078085,0.0002377237,0.0002772880
24172,-0.0000904358,0.0000806774,0.0001310046,0.0001784648
24173,-0.0000892519,0.0000723596,0.0001051389,0.0001557434
24174,-0.0000882351,0.0000643567,0.0000811393,0.0001360544
24175,-0.0000873225,0.0000563702,0.0000555285,0.0001178399
24176,-0.0000870537,0.0000594447,0.0000526230,0.0001178185
24177,-0.0000883877,0.0000669044,0.0000812237,0.0001374259
24178,-0.0000853023,0.0000496555,0.0000244379,0.0001016826
24179,-0.0000861763,0.0000525685,0.0000387239,0.0001081172
24180,-0.0000872899,0.0000597258,0.0000615937,0.0001223947
24181,-0.0000887104,0.0000688288,0.0000796747,0.0001376771
24182,-0.0000896467,0.0000750377,0.0001062162,0.0001579527
24183,-0.0000892026,0.0000693613,0.0001018566,0.0001521278
24184,-0.0000900989,0.0000744637,0.0001230029,0.0001696832
24185,-0.0000909343,0.0000792313,0.0001432149,0.0001872356
24186,-0.0000893954,0.0000662032,0.0000962852,0.0001471232
24187,-0.0000883881,0.0000612481,0.0000755679,0.0001314317
24188,-0.0000902952,0.0000711537,0.0001167776,0.0001638691
24189,-0.0000918969,0.0000922861,0.0001813289,0.0002232530
24190,-0.0000909000,0.0000830325,0.0001508531,0.0001947149
24191,-0.0000911549,0.0000863774,0.0001560359,0.0002002934
24192,-0.0000901478,0.0000775737,0.0001281160,0.0001748085
24193,-0.0000916455,0.0000871144,0.0001691884,0.0002112167
24194,-0.0000929442,0.0001004328,0.0002131289,0.0002532771
24195,-0.0000923775,0.0000941295,0.0001934570,0.0002341358
24196,-0.0000950484,0.0001216840,0.0002629030,0.0003048921
24197,-0.0000943834,0.0001140255,0.0002382778,0.0002805109
24198,-0.0000936660,0.0001058158,0.0002115323,0.0002543938
24199,-0.0000926550,0.0000974860,0.0001844646,0.0002282886
24200,-0.0000944359,0.0001084127,0.0002111540,0.0002554554
24201,-0.0000944777,0.0001031114,0.0001840674,0.0002311684
24202,-0.0000951286,0.0001164482,0.0002364422,0.0002802045
24203,-0.0000953642,0.0001112572,0.0002094945,0.0002556568
24204,-0.0000922728,0.0000919327,0.0001581762,0.0002049039
24205,-0.0000934893,0.0001002629,0.0001848151,0.0002301077
24206,-0.0000919148,0.0000863756,0.0001318773,0.0001824848
24207,-0.0000932300,0.0000948958,0.0001579958,0.0002065423
24208,-0.0000939484,0.0001116038,0.0002377735,0.0002789587
24209,-0.0000940777,0.0001166198,0.0002608502,0.0003008216
24210,-0.0000944341,0.0001223944,0.0002859110,0.0003250281
24211,-0.0000935015,0.0001090117,0.0002358551,0.0002761408
24212,-0.0000931447,0.0001032532,0.0002105038,0.0002522876
24213,-0.0000940764,0.0001152697,0.0002620531,0.0003013458
24214,-0.0000948901,0.0001346404,0.0003193115,0.0003592938
24215,-0.0000947468,0.0001282628,0.0002989990,0.0003388638
24216,-0.0000944695,0.0001231880,0.0002834626,0.0003231885
24217,-0.0000944537,0.0001201783,0.0002662804,0.0003070335
24218,-0.0000951178,0.0001276955,0.0002899552,0.0003307984
24219,-0.0000950644,0.0001349759,0.0003269261,0.0003662464
24220,-0.0000950725,0.0001407898,0.0003456853,0.0003851738
24221,-0.0000948850,0.0001289849,0.0003079196,0.0003470659
24222,-0.0000908897,-0.0000396014,-0.0002358160,0.0002558093
24223,-0.0000941248,-0.0000396717,-0.0002393583,0.0002602416
24224,-0.0000969726,-0.0000399021,-0.0002426660,0.0002643533
24225,-0.0000999292,-0.0000403054,-0.0002460022,0.0002685655
24226,-0.0001030394,-0.0000407170,-0.0002492344,0.0002727504
24227,-0.0001065771,-0.0000408122,-0.0002514555,0.0002761416
24228,-0.0001098999,-0.0000404040,-0.0002518130,0.0002777053
24229,-0.0001131717,-0.0000399407,-0.0002522257,0.0002793222
24230,-0.0001165116,-0.0000401323,-0.0002526177,0.0002810716
24231,-0.0001196839,-0.0000395479,-0.0002506517,0.0002805611
24232,-0.0001230761,-0.0000381109,-0.0002465388,0.0002781754
24233,-0.0001267245,-0.0000372074,-0.0002432431,0.0002767863
24234,-0.0001301220,-0.0000357363,-0.0002386141,0.0002741268
24235,-0.0000711352,-0.0000621920,-0.0002566891,0.0002735276
24236,-0.0000760849,-0.0000639812,-0.0002721021,0.0002896931
24237,-0.0000809557,-0.0000660243,-0.0002874300,0.0003058252
24238,-0.0000856633,-0.0000682294,-0.0003028138,0.0003220088
24239,-0.0000907413,-0.0000705710,-0.0003186926,0.0003387908
24240,-0.0000959595,-0.0000731044,-0.0003348821,0.0003559474
24241,-0.0001011502,-0.0000757085,-0.0003506715,0.0003727381
24242,-0.0001065309,-0.0000785515,-0.0003667042,0.0003898604
24243,-0.0001118643,-0.0000816017,-0.0003825902,0.0004068756
24244,-0.0001173065,-0.0000844146,-0.0003977650,0.0004232064
24245,-0.0001229065,-0.0000876960,-0.0004137444,0.0004404328
24246,-0.0001288706,-0.0000909529,-0.0004297343,0.0004577681
24247,-0.0001346648,-0.0000942856,-0.0004450463,0.0004744371
24248,-0.0000503245,-0.0000594495,-0.0001897183,0.0002050849
24249,-0.0000550988,-0.0000610813,-0.0002058718,0.0002216980
24250,-0.0000598955,-0.0000628794,-0.0002220991,0.0002384728
24251,-0.0000646353,-0.0000648235,-0.0002380824,0.0002550746
24252,-0.0000696485,-0.0000669580,-0.0002548545,0.0002725529
24253,-0.0000749796,-0.0000693974,-0.0002727773,0.0002912823
24254,-0.0000804461,-0.0000718642,-0.0002904876,0.0003098694
24255,-0.0000858967,-0.0000746457,-0.0003082919,0.0003286246
24256,-0.0000915000,-0.0000776335,-0.0003263826,0.0003477425
24257,-0.0000973005,-0.0000807059,-0.0003446077,0.0003670630
24258,-0.0001029644,-0.0000839720,-0.0003628019,0.0003863654
24259,-0.0001092969,-0.0000873907,-0.0003822591,0.0004070687
24260,-0.0001156840,-0.0000910562,-0.0004016073,0.0004277411
24261,-0.0000772789,-0.0000711624,-0.0002800691,0.0002991234
24262,-0.0000741966,-0.0000703873,-0.0002694166,0.0002881750
24263,-0.0000713746,-0.0000697679,-0.0002596457,0.0002781686
24264,-0.0000681118,-0.0000689701,-0.0002482217,0.0002664772
24265,-0.0000647320,-0.0000680725,-0.0002361299,0.0002541288
24266,-0.0000614110,-0.0000672461,-0.0002243076,0.0002420893
24267,-0.0000581302,-0.0000665327,-0.0002122897,0.0002299405
24268,-0.0000548263,-0.0000658825,-0.0002000579,0.0002176455
24269,-0.0000515259,-0.0000652293,-0.0001876958,0.0002052791
24270,-0.0000481741,-0.0000645646,-0.0001752083,0.0001928401
24271,-0.0000449203,-0.0000639683,-0.0001627060,0.0001805077
24272,-0.0000418895,-0.0000635208,-0.0001510921,0.0001691699
24273,-0.0000375513,-0.0000569937,-0.0001432676,0.0001586946
24274,-0.0000417855,-0.0000584321,-0.0001578480,0.0001734253
24275,-0.0000462006,-0.0000601067,-0.0001729868,0.0001888696
24276,-0.0000507452,-0.0000618656,-0.0001887050,0.0002049684
24277,-0.0000554143,-0.0000637850,-0.0002046822,0.0002214364
24278,-0.0000600060,-0.0000658201,-0.0002202059,0.0002375366
24279,-0.0000429251,-0.0000594864,-0.0001608447,0.0001767829
24280,-0.0000397474,-0.0000588973,-0.0001488567,0.0001649457
24281,-0.0000365264,-0.0000583384,-0.0001367394,0.0001530857
24282,-0.0000334357,-0.0000578131,-0.0001247652,0.0001415156
24283,-0.0000315312,-0.0000559107,-0.0001204881,0.0001365196
24284,-0.0000354853,-0.0000573239,-0.0001340084,0.0001500116
24285,-0.0000287361,-0.0000555004,-0.0001097004,0.0001262547
24286,-0.0000321818,-0.0000567931,-0.0001214721,0.0001379007
24287,-0.0000345143,-0.0000564242,-0.0001318412,0.0001475026
24288,-0.0000386097,-0.0000578576,-0.0001459703,0.0001616958
24289,-0.0000409263,-0.0000600309,-0.0001519989,0.0001684706
24290,-0.0000453682,-0.0000617884,-0.0001674893,0.0001841976
24291,-0.0000500947,-0.0000637730,-0.0001836620,0.0002007690
24292,-0.0000420644,-0.0000611994,-0.0001549438,0.0001718207
24293,-0.0000387061,-0.0000606668,-0.0001419221,0.0001591242
24294,-0.0000378071,-0.0000594838,-0.0001400428,0.0001567791
24295,-0.0000351002,-0.0000590766,-0.0001294864,0.0001465906
24296,-0.0000433948,-0.0000625031,-0.0001584903,0.0001758093
24297,-0.0000399916,-0.0000618932,-0.0001454413,0.0001630438
24298,-0.0000467405,-0.0000631273,-0.0001711781,0.0001883392
24299,-0.0000519974,-0.0000630891,-0.0001921282,0.0002087995
24300,-0.0000486990,-0.0000624628,-0.0001798039,0.0001964755
24301,-0.0000473913,-0.0000611955,-0.0001762828,0.0001925265
24302,-0.0000441672,-0.0000606118,-0.0001640906,0.0001804169
24303,-0.0000566619,-0.0000651205,-0.0002081233,0.0002253143
24304,-0.0000533652,-0.0000644347,-0.0001959761,0.0002130876
24305,-0.0000565213,-0.0000621888,-0.0002103275,0.0002264945
24306,-0.0000530946,-0.0000614992,-0.0001980805,0.0002140959
24307,-0.0000495758,-0.0000607382,-0.0001854647,0.0002013556
24308,-0.0000483930,-0.0000597882,-0.0001820127,0.0001975985
24309,-0.0000438023,-0.0000581680,-0.0001663987,0.0001816334
24310,-0.0000517292,-0.0000604143,-0.0001940898,0.0002097538
24311,-0.0000470601,-0.0000588058,-0.0001781495,0.0001934167
24312,-0.0000450290,-0.0000590799,-0.0001698906,0.0001854208
24313,-0.0000405914,-0.0000575323,-0.0001546546,0.0001699285
24314,-0.0000579467,-0.0000634346,-0.0002147316,0.0002312821
24315,-0.0000630358,-0.0000655396,-0.0002319156,0.0002491060
24316,-0.0000688274,-0.0000678473,-0.0002514777,0.0002694095
24317,-0.0000590246,-0.0000645881,-0.0002176759,0.0002346025
24318,-0.0000542857,-0.0000626254,-0.0002014901,0.0002178695
24319,-0.0000632985,-0.0000665676,-0.0002320443,0.0002495646
24320,-0.0000667600,-0.0000676223,-0.0002441431,0.0002619838
24321,-0.0000663603,-0.0000662262,-0.0002436260,0.0002610426
24322,-0.0000614109,-0.0000641800,-0.0002268306,0.0002436032
24323,-0.0000718948,-0.0000685924,-0.0002620177,0.0002802267
24324,-0.0000629851,-0.0000688882,-0.0002287590,0.0002470697
24325,-0.0000679806,-0.0000713678,-0.0002453783,0.0002644338
24326,-0.0000730832,-0.0000739925,-0.0002623289,0.0002821923
24327,-0.0000783905,-0.0000767973,-0.0002797151,0.0003004720
24328,-0.0000838156,-0.0000797992,-0.0002974852,0.0003192028
24329,-0.0000895385,-0.0000828986,-0.0003155718,0.0003383414
24330,-0.0000695729,-0.0000731053,-0.0002498511,0.0002694631
24331,-0.0000660707,-0.0000723025,-0.0002370955,0.0002565293
24332,-0.0000625734,-0.0000715168,-0.0002242429,0.0002435466
24333,-0.0000591238,-0.0000709114,-0.0002113236,0.0002306116
24334,-0.0000556054,-0.0000701799,-0.0001981870,0.0002174747
24335,-0.0000518608,-0.0000694360,-0.0001841009,0.0002034799
24336,-0.0000482605,-0.0000687358,-0.0001705907,0.0001901444
24337,-0.0000529414,-0.0000667874,-0.0001916259,0.0002097232
24338,-0.0000577004,-0.0000690554,-0.0002078620,0.0002265052
24339,-0.0000464290,-0.0000656504,-0.0001669741,0.0001853267
24340,-0.0000508240,-0.0000677733,-0.0001820462,0.0002007912
24341,-0.0000436193,-0.0000652508,-0.0001558188,0.0001744701
24342,-0.0000472494,-0.0000672478,-0.0001683130,0.0001873073
24343,-0.0000496728,-0.0000662310,-0.0001791822,0.0001973834
24344,-0.0000543746,-0.0000684353,-0.0001951370,0.0002138187
24345,-0.0000596735,-0.0000681729,-0.0002164743,0.0002346691
24346,-0.0000562910,-0.0000674396,-0.0002040871,0.0002221898
24347,-0.0000645462,-0.0000705673,-0.0002330031,0.0002518658
24348,-0.0000611451,-0.0000698031,-0.0002204916,0.0002392232
24349,-0.0000639820,-0.0000733600,-0.0002278215,0.0002477458
24350,-0.0000693779,-0.0000760858,-0.0002458465,0.0002665386
24351,-0.0000747162,-0.0000789112,-0.0002633577,0.0002848978
24352,-0.0000562700,-0.0000717799,-0.0001991264,0.0002190206
24353,-0.0000600312,-0.0000741008,-0.0002113526,0.0002318719
24354,-0.0000642322,-0.0000766650,-0.0002249109,0.0002461467
24355,-0.0000565467,-0.0000734397,-0.0001983807,0.0002189653
24356,-0.0000530837,-0.0000728478,-0.0001853761,0.0002061285
24357,-0.0000526864,-0.0000710838,-0.0001856405,0.0002056481
24358,-0.0000497107,-0.0000706229,-0.0001741838,0.0001944190
24359,-0.0000571634,-0.0000752030,-0.0001987513,0.0002200573
24360,-0.0000539449,-0.0000746476,-0.0001865026,0.0002080037
24361,-0.0000605989,-0.0000758415,-0.0002115964,0.0002328029
24362,-0.0000659882,-0.0000753398,-0.0002334398,0.0002540171
24363,-0.0000636049,-0.0000751509,-0.0002241456,0.0002448152
24364,-0.0000604117,-0.0000727956,-0.0002143220,0.0002342706
24365,-0.0000711830,-0.0000780976,-0.0002504314,0.0002718127
24366,-0.0000678934,-0.0000774541,-0.0002382746,0.0002595832
24367,-0.0000801973,-0.0000788034,-0.0002847155,0.0003061119
24368,-0.0000765986,-0.0000778563,-0.0002718110,0.0002929337
24369,-0.0000729646,-0.0000769552,-0.0002588116,0.0002796952
24370,-0.0000712240,-0.0000750283,-0.0002542590,0.0002744991
24371,-0.0000748009,-0.0000758918,-0.0002670323,0.0002875082
24372,-0.0000676215,-0.0000741645,-0.0002411371,0.0002611899
24373,-0.0000821355,-0.0000808323,-0.0002896995,0.0003117787
24374,-0.0000858327,-0.0000818398,-0.0003027464,0.0003251467
24375,-0.0000784326,-0.0000798564,-0.0002765380,0.0002983320
24376,-0.0000730532,-0.0000713604,-0.0002647162,0.0002837318
24377,-0.0000781779,-0.0000739639,-0.0002815735,0.0003014400
24378,-0.0000834913,-0.0000767617,-0.0002988440,0.0003196418
24379,-0.0000889000,-0.0000797387,-0.0003164002,0.0003381872
24380,-0.0000944517,-0.0000828802,-0.0003340848,0.0003569354
24381,-0.0001001695,-0.0000861333,-0.0003520791,0.0003760486
24382,-0.0000800173,-0.0000758022,-0.0002868474,0.0003072950
24383,-0.0000765536,-0.0000748777,-0.0002746703,0.0002948065
24384,-0.0000747793,-0.0000730666,-0.0002696927,0.0002892487
24385,-0.0000696853,-0.0000705048,-0.0002528024,0.0002715438
24386,-0.0000713707,-0.0000721919,-0.0002575982,0.0002768795
24387,-0.0000663176,-0.0000696560,-0.0002407763,0.0002592743
24388,-0.0000909891,-0.0000818447,-0.0003221616,0.0003446240
24389,-0.0000874290,-0.0000808110,-0.0003099553,0.0003320340
24390,-0.0000854021,-0.0000787323,-0.0003043283,0.0003257422
24391,-0.0000819142,-0.0000777513,-0.0002921155,0.0003131879
24392,-0.0000967307,-0.0000850537,-0.0003402378,0.0003638031
24393,-0.0000932014,-0.0000839694,-0.0003281110,0.0003512750
24394,-0.0000940044,-0.0000798529,-0.0003341868,0.0003562221
24395,-0.0000904098,-0.0000786947,-0.0003223849,0.0003439460
24396,-0.0000869197,-0.0000776992,-0.0003106358,0.0003317933
24397,-0.0000849090,-0.0000757741,-0.0003046537,0.0003252155
24398,-0.0000795108,-0.0000729930,-0.0002870121,0.0003066364
24399,-0.0000882701,-0.0000767055,-0.0003158168,0.0003367723
24400,-0.0000827285,-0.0000738590,-0.0002978571,0.0003178333
24401,-0.0000815558,-0.0000748651,-0.0002932253,0.0003134282
24402,-0.0000763528,-0.0000721601,-0.0002761179,0.0002954283
24403,-0.0000960196,-0.0000818072,-0.0003401416,0.0003627788
24404,-0.0001011506,-0.0000849275,-0.0003564533,0.0003801356
24405,-0.0001070421,-0.0000884623,-0.0003745132,0.0003994292
24406,-0.0000978418,-0.0000838916,-0.0003454466,0.0003687061
24407,-0.0000923961,-0.0000807238,-0.0003282130,0.0003503957
24408,-0.0001035479,-0.0000872110,-0.0003632792,0.0003876850
24409,-0.0001064810,-0.0000865786,-0.0003735074,0.0003979219
24410,-0.0001046987,-0.0000863933,-0.0003678075,0.0003920561
24411,-0.0000999540,-0.0000831426,-0.0003529379,0.0003761232
24412,-0.0001127955,-0.0000902551,-0.0003928281,0.0004185484
24413,-0.0001102120,-0.0000895228,-0.0003846925,0.0004100601
24414,-0.0000990522,-0.0000757058,-0.0003460755,0.0003678463
24415,-0.0000968156,-0.0000753758,-0.0003400463,0.0003615056
24416,-0.0000943022,-0.0000750068,-0.0003335924,0.0003546869
24417,-0.0000917616,-0.0000743732,-0.0003261966,0.0003469233
24418,-0.0000890897,-0.0000739336,-0.0003181018,0.0003385143
24419,-0.0000863235,-0.0000733262,-0.0003096302,0.0003296958
24420,-0.0000834138,-0.0000726473,-0.0003003875,0.0003201065
24421,-0.0000599257,-0.0000611219,-0.0002224607,0.0002383606
24422,-0.0000649495,-0.0000629528,-0.0002391821,0.0002557138
24423,-0.0000700425,-0.0000647785,-0.0002557848,0.0002729983
24424,-0.0000754740,-0.0000669236,-0.0002737205,0.0002917156
24425,-0.0000808717,-0.0000693438,-0.0002913022,0.0003101705
24426,-0.0000862987,-0.0000717257,-0.0003087094,0.0003284715
24427,-0.0000670221,-0.0000643150,-0.0002461998,0.0002631402
24428,-0.0000632553,-0.0000635030,-0.0002336840,0.0002502839
24429,-0.0000618571,-0.0000623735,-0.0002289004,0.0002451778
24430,-0.0000567894,-0.0000606255,-0.0002120771,0.0002277656
24431,-0.0000583932,-0.0000616804,-0.0002173859,0.0002333899
24432,-0.0000535487,-0.0000600144,-0.0002010502,0.0002165419
24433,-0.0000782171,-0.0000687764,-0.0002830116,0.0003015687
24434,-0.0000758313,-0.0000684045,-0.0002753697,0.0002936972
24435,-0.0000728848,-0.0000677428,-0.0002657607,0.0002837781
24436,-0.0000677614,-0.0000654738,-0.0002486968,0.0002659483
24437,-0.0000727969,-0.0000664112,-0.0002651881,0.0002829038
24438,-0.0000710291,-0.0000663380,-0.0002595676,0.0002771664
24439,-0.0000809286,-0.0000707534,-0.0002921715,0.0003113192
24440,-0.0000835899,-0.0000712704,-0.0003005998,0.0003200421
24441,-0.0000781207,-0.0000701710,-0.0002829699,0.0003018257
24442,-0.0000783533,-0.0000658971,-0.0002809478,0.0002990207
24443,-0.0000757587,-0.0000656680,-0.0002733044,0.0002911133
24444,-0.0000729133,-0.0000652495,-0.0002650910,0.0002825722
24445,-0.0000706806,-0.0000636663,-0.0002569858,0.0002740271
24446,-0.0000656857,-0.0000617611,-0.0002407186,0.0002570496
24447,-0.0000734254,-0.0000639137,-0.0002649008,0.0002822210
24448,-0.0000685700,-0.0000621057,-0.0002489590,0.0002655928
24449,-0.0000678459,-0.0000632984,-0.0002483924,0.0002651576
24450,-0.0000629008,-0.0000614558,-0.0002319775,0.0002480865
24451,-0.0000913091,-0.0000727572,-0.0003233898,0.0003438196
24452,-0.0000861755,-0.0000701049,-0.0003065697,0.0003260765
24453,-0.0000808375,-0.0000677334,-0.0002898535,0.0003084438
24454,-0.0000884152,-0.0000703593,-0.0003129752,0.0003327478
24455,-0.0000936614,-0.0000730183,-0.0003294355,0.0003501883
24456,-0.0000834136,-0.0000680617,-0.0002967266,0.0003156531
24457,-0.0000835074,-0.0000697931,-0.0002992880,0.0003184617
24458,-0.0000889560,-0.0000722570,-0.0003164316,0.0003365460
24459,-0.0000782567,-0.0000673726,-0.0002821444,0.0003004474
24460,-0.0000972444,-0.0000773041,-0.0003434941,0.0003652678
24461,-0.0001027824,-0.0000803795,-0.0003607100,0.0003835841
24462,-0.0001083669,-0.0000836182,-0.0003778434,0.0004018719
24463,-0.0001140131,-0.0000869533,-0.0003951057,0.0004203194
24464,-0.0001198158,-0.0000903296,-0.0004123921,0.0004388423
24465,-0.0001259474,-0.0000940096,-0.0004302460,0.0004580526
24466,-0.0001057753,-0.0000829527,-0.0003707175,0.0003943362
24467,-0.0001029512,-0.0000822324,-0.0003626985,0.0003858903
24468,-0.0001001816,-0.0000814913,-0.0003538884,0.0003767151
24469,-0.0000974091,-0.0000790915,-0.0003448975,0.0003670127
24470,-0.0000917899,-0.0000761589,-0.0003272072,0.0003482673
24471,-0.0001000823,-0.0000797230,-0.0003530184,0.0003754919
24472,-0.0000945501,-0.0000768301,-0.0003356499,0.0003570762
24473,-0.0000944807,-0.0000783454,-0.0003359482,0.0003576672
24474,-0.0000889111,-0.0000753610,-0.0003181193,0.0003387984
24475,-0.0001210811,-0.0000927649,-0.0004173974,0.0004443946
24476,-0.0001150106,-0.0000891237,-0.0003990818,0.0004247785
24477,-0.0001089044,-0.0000855217,-0.0003807480,0.0004051458
24478,-0.0001174947,-0.0000897976,-0.0004061993,0.0004322806
24479,-0.0001235523,-0.0000934370,-0.0004241933,0.0004515923
24480,-0.0001115850,-0.0000863013,-0.0003883675,0.0004131929
24481,-0.0001121790,-0.0000882695,-0.0003910565,0.0004162942
24482,-0.0001185003,-0.0000919517,-0.0004098388,0.0004364233
24483,-0.0001060354,-0.0000847867,-0.0003722425,0.0003962282
24484,-0.0001157412,-0.0000849546,-0.0003959098,0.0004211388
24485,-0.0001130880,-0.0000843685,-0.0003900539,0.0004147879
24486,-0.0001107483,-0.0000840685,-0.0003844358,0.0004088075
24487,-0.0001075155,-0.0000811969,-0.0003735626,0.0003971165
24488,-0.0001022049,-0.0000782652,-0.0003568608,0.0003793691
24489,-0.0001100072,-0.0000815635,-0.0003790744,0.0004030529
24490,-0.0001042885,-0.0000785874,-0.0003624142,0.0003852221
24491,-0.0001053136,-0.0000808603,-0.0003675779,0.0003908233
24492,-0.0000998486,-0.0000777946,-0.0003506392,0.0003727863
24493,-0.0001185305,-0.0000876594,-0.0004060120,0.0004319484
24494,-0.0001244294,-0.0000913680,-0.0004233986,0.0004506630
24495,-0.0001302588,-0.0000948348,-0.0004398400,0.0004684231
24496,-0.0001221746,-0.0000908843,-0.0004181599,0.0004450217
24497,-0.0001162674,-0.0000874270,-0.0004010694,0.0004266359
24498,-0.0001281154,-0.0000945114,-0.0004353412,0.0004635385
24499,-0.0001274201,-0.0000911245,-0.0004280600,0.0004558233
24500,-0.0001263301,-0.0000916023,-0.0004270808,0.0004546958
24501,-0.0001215147,-0.0000878215,-0.0004116319,0.0004380859
24502,-0.0001211307,-0.0000884691,-0.0004121684,0.0004386139
24503,-0.0001334880,-0.0000946012,-0.0004442705,0.0004734393
24504,-0.0001319075,-0.0000948588,-0.0004424798,0.0004713663
24505,-0.0000854533,-0.0000576626,-0.0002789352,0.0002973753
24506,-0.0000895734,-0.0000592826,-0.0002904389,0.0003096653
24507,-0.0000938111,-0.0000608071,-0.0003014204,0.0003214845
24508,-0.0000979417,-0.0000625773,-0.0003123415,0.0003332653
24509,-0.0001025038,-0.0000642272,-0.0003237416,0.0003456021
24510,-0.0001070228,-0.0000661827,-0.0003346384,0.0003575148
24511,-0.0001112741,-0.0000679649,-0.0003447164,0.0003685520
24512,-0.0001155709,-0.0000693560,-0.0003531995,0.0003780434
24513,-0.0001198060,-0.0000707052,-0.0003610497,0.0003869232
24514,-0.0001244310,-0.0000725662,-0.0003693621,0.0003964559
24515,-0.0001288675,-0.0000744320,-0.0003769801,0.0004052912
24516,-0.0001334054,-0.0000763595,-0.0003844978,0.0004140849
24517,-0.0001379059,-0.0000779658,-0.0003909841,0.0004218593
24518,-0.0001109137,-0.0000696030,-0.0003500585,0.0003737478
24519,-0.0001097300,-0.0000714517,-0.0003536603,0.0003771228
24520,-0.0001090010,-0.0000728385,-0.0003563237,0.0003796752
24521,-0.0001079223,-0.0000741101,-0.0003583364,0.0003815030
24522,-0.0001066403,-0.0000747646,-0.0003584412,0.0003813686
24523,-0.0001048574,-0.0000752931,-0.0003568504,0.0003794817
24524,-0.0001031542,-0.0000755658,-0.0003544713,0.0003768300
24525,-0.0000784501,-0.0000615724,-0.0002733976,0.0002910186
24526,-0.0000831762,-0.0000634086,-0.0002880735,0.0003064723
24527,-0.0000878513,-0.0000652005,-0.0003019261,0.0003211359
24528,-0.0000929013,-0.0000669958,-0.0003161641,0.0003362719
24529,-0.0000979046,-0.0000691600,-0.0003304902,0.0003515568
24530,-0.0001028149,-0.0000717583,-0.0003445302,0.0003666350
24531,-0.0000860480,-0.0000659369,-0.0002995530,0.0003185655
24532,-0.0000834044,-0.0000660223,-0.0002934579,0.0003121422
24533,-0.0000812081,-0.0000637896,-0.0002841308,0.0003023147
24534,-0.0000762898,-0.0000620683,-0.0002691988,0.0002866018
24535,-0.0000786121,-0.0000640744,-0.0002784253,0.0002963208
24536,-0.0000738822,-0.0000623178,-0.0002634142,0.0002805871
24537,-0.0000964891,-0.0000698842,-0.0003292280,0.0003501215
24538,-0.0000949644,-0.0000706066,-0.0003277861,0.0003484928
24539,-0.0000929773,-0.0000707056,-0.0003240062,0.0003444185
24540,-0.0000878519,-0.0000683026,-0.0003080265,0.0003275111
24541,-0.0000913249,-0.0000676295,-0.0003143256,0.0003342373
24542,-0.0000903309,-0.0000686051,-0.0003141298,0.0003339819
24543,-0.0000998612,-0.0000727903,-0.0003419616,0.0003636048
24544,-0.0001013526,-0.0000723636,-0.0003438907,0.0003657453
24545,-0.0000980682,-0.0000730396,-0.0003392873,0.0003606495
24546,-0.0000926448,-0.0000622963,-0.0003037277,0.0003235960
24547,-0.0000913186,-0.0000634126,-0.0003043974,0.0003240649
24548,-0.0000896830,-0.0000643839,-0.0003037683,0.0003232082
24549,-0.0000867032,-0.0000617478,-0.0002914559,0.0003102850
24550,-0.0000820849,-0.0000601505,-0.0002783707,0.0002963887
24551,-0.0000882600,-0.0000607179,-0.0002915731,0.0003106306
24552,-0.0000837937,-0.0000592165,-0.0002791764,0.0002974348
24553,-0.0000849252,-0.0000625187,-0.0002901760,0.0003087441
24554,-0.0000802582,-0.0000608638,-0.0002763986,0.0002941802
24555,-0.0001053244,-0.0000691988,-0.0003418207,0.0003643118
24556,-0.0001005829,-0.0000673280,-0.0003297032,0.0003512181
24557,-0.0000959035,-0.0000653099,-0.0003171539,0.0003377121
24558,-0.0001016927,-0.0000656815,-0.0003271814,0.0003488597
24559,-0.0001061342,-0.0000676453,-0.0003387482,0.0003613733
24560,-0.0000970406,-0.0000640013,-0.0003154989,0.0003362329
24561,-0.0000993491,-0.0000684150,-0.0003308076,0.0003521143
24562,-0.0001041467,-0.0000706245,-0.0003438660,0.0003661669
24563,-0.0000945626,-0.0000662522,-0.0003173267,0.0003376798
24564,-0.0001127245,-0.0000761974,-0.0003706604,0.0003948443
24565,-0.0001177237,-0.0000786972,-0.0003835871,0.0004088902
24566,-0.0001228632,-0.0000812015,-0.0003962887,0.0004227692
24567,-0.0001281520,-0.0000838556,-0.0004093276,0.0004370398
24568,-0.0001333861,-0.0000867639,-0.0004215312,0.0004505645
24569,-0.0001386187,-0.0000894843,-0.0004330144,0.0004633833
24570,-0.0001222415,-0.0000823086,-0.0003990009,0.0004253462
24571,-0.0001216737,-0.0000833785,-0.0004013678,0.0004276126
24572,-0.0001204574,-0.0000841039,-0.0004016164,0.0004276438
24573,-0.0001187408,-0.0000841233,-0.0003994518,0.0004251328
24574,-0.0001100407,-0.0000778444,-0.0003713254,0.0003950332
24575,-0.0001150065,-0.0000807676,-0.0003856042,0.0004104150
24576,-0.0001083083,-0.0000781097,-0.0003695185,0.0003929067
24577,-0.0001134918,-0.0000810292,-0.0003843981,0.0004089108
24578,-0.0001118957,-0.0000775133,-0.0003729861,0.0003970486
24579,-0.0001167939,-0.0000796390,-0.0003852287,0.0004103466
24580,-0.0001168068,-0.0000808902,-0.0003888540,0.0004139982
24581,-0.0001375855,-0.0000922920,-0.0004412139,0.0004712933
24582,-0.0001322366,-0.0000893465,-0.0004280677,0.0004568493
24583,-0.0001267779,-0.0000862191,-0.0004144777,0.0004419255
24584,-0.0001327160,-0.0000879401,-0.0004252210,0.0004540483
24585,-0.0001381783,-0.0000909593,-0.0004377402,0.0004679566
24586,-0.0001274459,-0.0000851748,-0.0004122733,0.0004398482
24587,-0.0001301742,-0.0000906873,-0.0004302101,0.0004585305
24588,-0.0001311964,-0.0000901172,-0.0004298426,0.0004583647
24589,-0.0001358859,-0.0000938524,-0.0004449869,0.0004746437
24590,-0.0001369198,-0.0000932335,-0.0004436600,0.0004735755
24591,-0.0001244974,-0.0000874722,-0.0004153686,0.0004423596
24592,-0.0001257710,-0.0000870456,-0.0004157324,0.0004429771
24593,-0.0001243256,-0.0000750368,-0.0003771773,0.0004041660
24594,-0.0001246053,-0.0000772422,-0.0003847040,0.0004116917
24595,-0.0001243074,-0.0000790232,-0.0003902725,0.0004171446
24596,-0.0001235372,-0.0000800874,-0.0003933702,0.0004200185
24597,-0.0001145047,-0.0000735117,-0.0003650879,0.0003896209
24598,-0.0001190776,-0.0000760238,-0.0003771332,0.0004027264
24599,-0.0001137524,-0.0000750083,-0.0003685348,0.0003929170
24600,-0.0001186504,-0.0000773800,-0.0003807410,0.0004062380
24601,-0.0001155227,-0.0000716680,-0.0003609676,0.0003857193
24602,-0.0001199966,-0.0000729257,-0.0003682524,0.0003941156
24603,-0.0001205029,-0.0000754366,-0.0003757943,0.0004017873
24604,-0.0001387122,-0.0000834171,-0.0004115637,0.0004422490
24605,-0.0001338304,-0.0000813659,-0.0004030368,0.0004323999
24606,-0.0001293258,-0.0000791704,-0.0003940560,0.0004222241
24607,-0.0001336591,-0.0000790534,-0.0003942926,0.0004237698
24608,-0.0001384041,-0.0000808704,-0.0004018707,0.0004326613
24609,-0.0001289468,-0.0000770241,-0.0003860704,0.0004142587
24610,-0.0001338077,-0.0000852855,-0.0004166435,0.0004458362
24611,-0.0001339684,-0.0000835844,-0.0004102622,0.0004396009
24612,-0.0001388624,-0.0000877737,-0.0004270364,0.0004575446
24613,-0.0001388436,-0.0000856980,-0.0004199745,0.0004505555
24614,-0.0001287260,-0.0000827538,-0.0004055926,0.0004335020
24615,-0.0001292076,-0.0000812537,-0.0004004898,0.0004285894
24616,-0.0001104922,-0.0000450820,-0.0002684839,0.0002938104
24617,-0.0001108963,-0.0000494759,-0.0002831822,0.0003081201
24618,-0.0001111448,-0.0000535790,-0.0002968276,0.0003214507
24619,-0.0001113376,-0.0000571179,-0.0003088868,0.0003332710
24620,-0.0001114513,-0.0000601696,-0.0003196528,0.0003438309
24621,-0.0001114619,-0.0000631846,-0.0003290656,0.0003531291
24622,-0.0001114965,-0.0000656595,-0.0003373442,0.0003613084
24623,-0.0000889241,-0.0000520767,-0.0002692762,0.0002883213
24624,-0.0000925800,-0.0000533239,-0.0002779532,0.0002977793
24625,-0.0000962124,-0.0000538960,-0.0002847636,0.0003053718
24626,-0.0000999902,-0.0000542940,-0.0002907935,0.0003122607
24627,-0.0001038493,-0.0000551852,-0.0002974697,0.0003198724
24628,-0.0001075164,-0.0000561915,-0.0003033895,0.0003267453
24629,-0.0000959667,-0.0000566682,-0.0002931122,0.0003135851
24630,-0.0000948083,-0.0000590153,-0.0002977210,0.0003179767
24631,-0.0000919017,-0.0000555549,-0.0002835559,0.0003032099
24632,-0.0000877659,-0.0000545450,-0.0002741157,0.0002929461
24633,-0.0000907463,-0.0000575104,-0.0002876440,0.0003070528
24634,-0.0000867438,-0.0000561895,-0.0002774722,0.0002960955
24635,-0.0001036860,-0.0000580516,-0.0003060275,0.0003282889
24636,-0.0001036685,-0.0000604863,-0.0003137953,0.0003359661
24637,-0.0001034337,-0.0000626611,-0.0003198685,0.0003419660
24638,-0.0000988877,-0.0000606760,-0.0003085699,0.0003296600
24639,-0.0000998340,-0.0000568639,-0.0002985857,0.0003199277
24640,-0.0001002236,-0.0000593585,-0.0003062541,0.0003276580
24641,-0.0001076432,-0.0000618348,-0.0003217564,0.0003448735
24642,-0.0001075301,-0.0000589840,-0.0003127977,0.0003359825
24643,-0.0001073077,-0.0000641536,-0.0003289501,0.0003519074
24644,-0.0000971901,-0.0000440171,-0.0002554008,0.0002767905
24645,-0.0000969352,-0.0000475659,-0.0002667795,0.0002878024
24646,-0.0000965915,-0.0000507949,-0.0002763710,0.0002971380
24647,-0.0000934411,-0.0000470710,-0.0002613044,0.0002814728
24648,-0.0000899294,-0.0000462597,-0.0002551812,0.0002744899
24649,-0.0000937345,-0.0000435585,-0.0002511073,0.0002715481
24650,-0.0000905283,-0.0000431034,-0.0002462412,0.0002658721
24651,-0.0000928561,-0.0000501475,-0.0002699582,0.0002898524
24652,-0.0000894895,-0.0000494511,-0.0002630641,0.0002822349
24653,-0.0001074405,-0.0000489861,-0.0002798555,0.0003037469
24654,-0.0001036663,-0.0000487230,-0.0002759312,0.0002987619
24655,-0.0001004872,-0.0000481506,-0.0002714059,0.0002933894
24656,-0.0001034740,-0.0000448860,-0.0002630413,0.0002862034
24657,-0.0001068817,-0.0000449186,-0.0002659105,0.0002900858
24658,-0.0001002511,-0.0000444459,-0.0002595063,0.0002817255
24659,-0.0001037915,-0.0000520268,-0.0002871744,0.0003097557
24660,-0.0001075401,-0.0000527588,-0.0002923501,0.0003159382
24661,-0.0001002894,-0.0000514302,-0.0002821421,0.0003038210
24662,-0.0001151547,-0.0000581041,-0.0003141343,0.0003395836
24663,-0.0001190651,-0.0000590016,-0.0003188237,0.0003454073
24664,-0.0001230517,-0.0000598123,-0.0003232565,0.0003510186
24665,-0.0001270479,-0.0000607636,-0.0003269894,0.0003560273
24666,-0.0001310890,-0.0000614305,-0.0003307063,0.0003610051
24667,-0.0001354680,-0.0000622144,-0.0003342238,0.0003659614
24668,-0.0001237113,-0.0000634934,-0.0003370468,0.0003646045
24669,-0.0001241635,-0.0000668082,-0.0003494675,0.0003768387
24670,-0.0001242513,-0.0000700901,-0.0003600441,0.0003872761
24671,-0.0001199472,-0.0000655935,-0.0003429244,0.0003691707
24672,-0.0001154712,-0.0000646083,-0.0003361675,0.0003612706
24673,-0.0001195406,-0.0000624084,-0.0003317734,0.0003581318
24674,-0.0001155886,-0.0000611935,-0.0003257490,0.0003510239
24675,-0.0001198836,-0.0000686465,-0.0003528013,0.0003788841
24676,-0.0001155237,-0.0000671247,-0.0003452082,0.0003701624
24677,-0.0001369102,-0.0000708197,-0.0003650742,0.0003962815
24678,-0.0001325622,-0.0000695562,-0.0003605594,0.0003904022
24679,-0.0001282254,-0.0000681988,-0.0003551642,0.0003837113
24680,-0.0001319577,-0.0000657167,-0.0003462920,0.0003763637
24681,-0.0001361382,-0.0000667302,-0.0003501900,0.0003816013
24682,-0.0001276991,-0.0000646513,-0.0003421588,0.0003708902
24683,-0.0001329579,-0.0000731545,-0.0003730469,0.0004027324
24684,-0.0001375073,-0.0000746135,-0.0003786374,0.0004096849
24685,-0.0001287859,-0.0000716269,-0.0003669516,0.0003954360
24686,-0.0001210198,-0.0000450980,-0.0002718351,0.0003009551
24687,-0.0001217369,-0.0000505761,-0.0002904444,0.0003189605
24688,-0.0001224651,-0.0000554847,-0.0003075829,0.0003356836
24689,-0.0001181901,-0.0000502518,-0.0002883832,0.0003156882
24690,-0.0001142835,-0.0000500507,-0.0002862596,0.0003122664
24691,-0.0001173534,-0.0000451026,-0.0002710058,0.0002987478
24692,-0.0001141072,-0.0000451186,-0.0002699799,0.0002965557
24693,-0.0001185972,-0.0000548607,-0.0003045440,0.0003313941
24694,-0.0001147369,-0.0000544050,-0.0003007257,0.0003264359
24695,-0.0001253345,-0.0000517776,-0.0002949891,0.0003246664
24696,-0.0001297739,-0.0000527571,-0.0002990479,0.0003302336
24697,-0.0001335051,-0.0000526764,-0.0002989666,0.0003316315
24698,-0.0001302358,-0.0000571421,-0.0003148276,0.0003454606
24699,-0.0001262938,-0.0000562374,-0.0003112319,0.0003405555
24700,-0.0001344713,-0.0000576091,-0.0003173691,0.0003494631
24701,-0.0001277022,-0.0000423740,-0.0002623347,0.0002948269
24702,-0.0001290563,-0.0000475333,-0.0002811379,0.0003129752
24703,-0.0001239099,-0.0000433291,-0.0002648268,0.0002955745
24704,-0.0001256221,-0.0000479182,-0.0002818657,0.0003122905
24705,-0.0001312844,-0.0000417008,-0.0002601294,0.0002943499
24706,-0.0001324400,-0.0000472954,-0.0002800432,0.0003133710
24707,-0.0000908413,0.0000483134,0.0000483514,0.0001136846
24708,-0.0000922346,0.0000527665,0.0000651431,0.0001246401
24709,-0.0000937313,0.0000574379,0.0000822984,0.0001373233
24710,-0.0000953509,0.0000618254,0.0000987071,0.0001505233
24711,-0.0000970129,0.0000665211,0.0001158579,0.0001651049
24712,-0.0000990338,0.0000719419,0.0001349714,0.0001822103
24713,-0.0001011216,0.0000779525,0.0001554343,0.0002011516
24714,-0.0001033857,0.0000840210,0.0001761863,0.0002208840
24715,-0.0001059190,0.0000903376,0.0001970303,0.0002412482
24716,-0.0001085080,0.0000972577,0.0002198094,0.0002637218
24717,-0.0001113495,0.0001056395,0.0002462696,0.0002901846
24718,-0.0001145248,0.0001137364,0.0002718743,0.0003161764
24719,-0.0001176510,0.0001221617,0.0002978563,0.0003427588
24720,-0.0000907845,-0.0000031947,-0.0001219387,0.0001520561
24721,-0.0000927941,-0.0000012458,-0.0001147791,0.0001476027
24722,-0.0000948642,0.0000009642,-0.0001067868,0.0001428410
24723,-0.0000968453,0.0000030248,-0.0000997714,0.0001390773
24724,-0.0000991884,0.0000053704,-0.0000918267,0.0001352750
24725,-0.0001015896,0.0000081387,-0.0000822653,0.0001309743
24726,-0.0001037944,0.0000116222,-0.0000711254,0.0001263613
24727,-0.0001061664,0.0000155627,-0.0000577036,0.0001218327
24728,-0.0001085091,0.0000201985,-0.0000413839,0.0001178763
24729,-0.0001112278,0.0000247380,-0.0000261866,0.0001169159
24730,-0.0001139375,0.0000295299,-0.0000102688,0.0001181491
24731,-0.0001167391,0.0000345482,0.0000066866,0.0001219275
24732,-0.0001196417,0.0000402810,0.0000246805,0.0001286306
24733,-0.0001046087,0.0000038026,-0.0000973429,0.0001429443
24734,-0.0001051604,-0.0000034073,-0.0001228806,0.0001617713
24735,-0.0001061666,-0.0000107239,-0.0001477088,0.0001822203
24736,-0.0001070116,-0.0000172473,-0.0001717140,0.0002030632
24737,-0.0001079172,-0.0000238760,-0.0001938343,0.0002231321
24738,-0.0001083408,-0.0000300557,-0.0002147116,0.0002423678
24739,-0.0001091262,-0.0000354031,-0.0002341543,0.0002607492
24740,-0.0000911861,-0.0000264122,-0.0001954338,0.0002172715
24741,-0.0000938201,-0.0000255568,-0.0001945858,0.0002175294
24742,-0.0000964055,-0.0000240180,-0.0001913325,0.0002155900
24743,-0.0000989937,-0.0000223345,-0.0001863025,0.0002121490
24744,-0.0001016284,-0.0000206886,-0.0001817169,0.0002092304
24745,-0.0001040972,-0.0000191272,-0.0001768835,0.0002061307
24746,-0.0000966794,-0.0000300519,-0.0002109968,0.0002340292
24747,-0.0000967891,-0.0000352143,-0.0002278492,0.0002500468
24748,-0.0000939952,-0.0000307313,-0.0002110777,0.0002330951
24749,-0.0000909964,-0.0000311477,-0.0002099527,0.0002309343
24750,-0.0000939411,-0.0000351884,-0.0002258927,0.0002471652
24751,-0.0000909943,-0.0000354616,-0.0002232703,0.0002436947
24752,-0.0001020718,-0.0000263477,-0.0002009637,0.0002269345
24753,-0.0001027871,-0.0000315112,-0.0002185625,0.0002435728
24754,-0.0001032090,-0.0000364950,-0.0002352897,0.0002595096
24755,-0.0000996261,-0.0000358192,-0.0002317389,0.0002547770
24756,-0.0000992984,-0.0000275234,-0.0002041695,0.0002286983
24757,-0.0001003138,-0.0000323926,-0.0002200641,0.0002440089
24758,-0.0001054803,-0.0000306222,-0.0002169179,0.0002431402
24759,-0.0001049230,-0.0000253107,-0.0001976242,0.0002251772
24760,-0.0001062664,-0.0000359885,-0.0002348603,0.0002602827
24761,-0.0000951426,-0.0000058194,-0.0001300326,0.0001612280
24762,-0.0000955310,-0.0000123542,-0.0001513827,0.0001794311
24763,-0.0000960199,-0.0000183605,-0.0001718422,0.0001977035
24764,-0.0000932070,-0.0000142902,-0.0001565562,0.0001827611
24765,-0.0000908035,-0.0000158488,-0.0001608473,0.0001853870
24766,-0.0000928368,-0.0000078568,-0.0001363739,0.0001651613
24767,-0.0000910326,-0.0000096511,-0.0001420720,0.0001690104
24768,-0.0000934476,-0.0000199830,-0.0001759670,0.0002002403
24769,-0.0000910999,-0.0000213062,-0.0001788510,0.0002018435
24770,-0.0001028147,-0.0000059556,-0.0001311814,0.0001667780
24771,-0.0001001913,-0.0000083975,-0.0001387261,0.0001713293
24772,-0.0000979394,-0.0000103128,-0.0001455023,0.0001756969
24773,-0.0000996744,-0.0000014950,-0.0001154725,0.0001525487
24774,-0.0001020976,0.0000012135,-0.0001067785,0.0001477398
24775,-0.0000974696,-0.0000038318,-0.0001229811,0.0001569693
24776,-0.0001008846,-0.0000145336,-0.0001609573,0.0001905155
24777,-0.0001034925,-0.0000127478,-0.0001548436,0.0001866809
24778,-0.0000984464,-0.0000163493,-0.0001664814,0.0001941006
24779,-0.0001095831,-0.0000153506,-0.0001645983,0.0001983348
24780,-0.0001121314,-0.0000127548,-0.0001557575,0.0001923449
24781,-0.0001150645,-0.0000103559,-0.0001479337,0.0001877004
24782,-0.0001181560,-0.0000077403,-0.0001392487,0.0001827866
24783,-0.0001215114,-0.0000046468,-0.0001289369,0.0001772324
24784,-0.0001244206,-0.0000010276,-0.0001172571,0.0001709701
24785,-0.0001162521,-0.0000167177,-0.0001701736,0.0002067682
24786,-0.0001173725,-0.0000226824,-0.0001914857,0.0002257378
24787,-0.0001182358,-0.0000285144,-0.0002120145,0.0002444236
24788,-0.0001185913,-0.0000339605,-0.0002307719,0.0002616732
24789,-0.0001114678,-0.0000292050,-0.0002120989,0.0002413793
24790,-0.0001145701,-0.0000291421,-0.0002128579,0.0002434832
24791,-0.0001123908,-0.0000348339,-0.0002332159,0.0002612178
24792,-0.0001157036,-0.0000343612,-0.0002323638,0.0002618415
24793,-0.0001106163,-0.0000226014,-0.0001896917,0.0002207481
24794,-0.0001131599,-0.0000189152,-0.0001776627,0.0002114876
24795,-0.0001144908,-0.0000243694,-0.0001966151,0.0002288220
24796,-0.0001266140,-0.0000159980,-0.0001687983,0.0002116127
24797,-0.0001234095,-0.0000186455,-0.0001777594,0.0002172003
24798,-0.0001203699,-0.0000207425,-0.0001848929,0.0002215955
24799,-0.0001224005,-0.0000116346,-0.0001534742,0.0001966509
24800,-0.0001255714,-0.0000086695,-0.0001435182,0.0001908948
24801,-0.0001192686,-0.0000145146,-0.0001626975,0.0002022527
24802,-0.0001256334,-0.0000311217,-0.0002222340,0.0002571775
24803,-0.0001245678,-0.0000250616,-0.0002005261,0.0002373940
24804,-0.0001290776,-0.0000294059,-0.0002166574,0.0002539018
24805,-0.0001278834,-0.0000228437,-0.0001933016,0.0002328981
24806,-0.0001223763,-0.0000328350,-0.0002274407,0.0002603524
24807,-0.0001214613,-0.0000269069,-0.0002069409,0.0002414567
24808,-0.0001120368,0.0000171326,-0.0000526555,0.0001249735
24809,-0.0001130408,0.0000099620,-0.0000773031,0.0001373071
24810,-0.0001137604,0.0000029577,-0.0001021576,0.0001529260
24811,-0.0001143403,-0.0000037550,-0.0001249458,0.0001694086
24812,-0.0001078046,-0.0000008670,-0.0001143105,0.0001571288
24813,-0.0001104891,0.0000006996,-0.0001091049,0.0001552811
24814,-0.0001086271,-0.0000083011,-0.0001398629,0.0001772862
24815,-0.0001112207,-0.0000060117,-0.0001325595,0.0001731422
24816,-0.0001070982,0.0000069776,-0.0000866545,0.0001379409
24817,-0.0001091750,0.0000129139,-0.0000670531,0.0001287714
24818,-0.0001104378,0.0000065342,-0.0000889004,0.0001419242
24819,-0.0001212994,0.0000230243,-0.0000340240,0.0001280675
24820,-0.0001184561,0.0000182733,-0.0000499067,0.0001298323
24821,-0.0001157318,0.0000139881,-0.0000642970,0.0001331301
24822,-0.0001174941,0.0000262170,-0.0000220235,0.0001223814
24823,-0.0001204505,0.0000314896,-0.0000049776,0.0001245981
24824,-0.0001146394,0.0000214212,-0.0000378724,0.0001226188
24825,-0.0001203995,0.0000028144,-0.0001033937,0.0001587269
24826,-0.0001194568,0.0000103257,-0.0000768768,0.0001424310
24827,-0.0001233550,0.0000067418,-0.0000902378,0.0001529861
24828,-0.0001222991,0.0000148265,-0.0000625015,0.0001381424
24829,-0.0001174925,-0.0000007803,-0.0001152990,0.0001646176
24830,-0.0001167676,0.0000065365,-0.0000902177,0.0001477045
24831,-0.0001011155,0.0000691194,0.0001258035,0.0001755801
24832,-0.0001011228,0.0000604510,0.0000963186,0.0001521756
24833,-0.0001013344,0.0000518216,0.0000672808,0.0001322151
24834,-0.0001017294,0.0000435925,0.0000386570,0.0001172329
24835,-0.0001020884,0.0000354750,0.0000106916,0.0001086040
24836,-0.0001025843,0.0000273024,-0.0000167738,0.0001074724
24837,-0.0001030128,0.0000193059,-0.0000439656,0.0001136545
24838,-0.0000904243,0.0000173711,-0.0000538042,0.0001066452
24839,-0.0000923994,0.0000206720,-0.0000418616,0.0001035248
24840,-0.0000938014,0.0000247515,-0.0000275449,0.0001008467
24841,-0.0000957725,0.0000295401,-0.0000106275,0.0001007866
24842,-0.0000974324,0.0000340522,0.0000055591,0.0001033612
24843,-0.0000995391,0.0000387386,0.0000218599,0.0001090256
24844,-0.0000944483,0.0000164558,-0.0000554949,0.0001107743
24845,-0.0000945865,0.0000084523,-0.0000823533,0.0001256985
24846,-0.0000926876,0.0000134046,-0.0000668971,0.0001150908
24847,-0.0000905612,0.0000102517,-0.0000771602,0.0001194158
24848,-0.0000926935,0.0000058140,-0.0000913387,0.0001302638
24849,-0.0000907526,0.0000031303,-0.0001002857,0.0001352888
24850,-0.0000979261,0.0000265199,-0.0000202387,0.0001034526
24851,-0.0000985069,0.0000194691,-0.0000443174,0.0001097574
24852,-0.0000988583,0.0000122262,-0.0000688121,0.0001210684
24853,-0.0000965228,0.0000099723,-0.0000765889,0.0001236203
24854,-0.0000958444,0.0000221219,-0.0000352817,0.0001045004
24855,-0.0000965525,0.0000160835,-0.0000560514,0.0001127955
24856,-0.0001004980,0.0000231215,-0.0000311459,0.0001077243
24857,-0.0000998794,0.0000308408,-0.0000049711,0.0001046507
24858,-0.0001009491,0.0000156725,-0.0000570641,0.0001170156
24859,-0.0000936723,0.0000489792,0.0000538447,0.0001186284
24860,-0.0000937223,0.0000406869,0.0000263476,0.0001055153
24861,-0.0000936249,0.0000325976,-0.0000006850,0.0000991398
24862,-0.0000920924,0.0000364003,0.0000106661,0.0000995979
24863,-0.0000904268,0.0000325302,-0.0000041620,0.0000961902
24864,-0.0000921086,0.0000445262,0.0000376671,0.0001090201
24865,-0.0000905826,0.0000402766,0.0000218146,0.0001015051
24866,-0.0000920668,0.0000286962,-0.0000155142,0.0000976753
24867,-0.0000904383,0.0000246484,-0.0000292567,0.0000981967
24868,-0.0000990655,0.0000551493,0.0000779400,0.0001375866
24869,-0.0000970093,0.0000499980,0.0000599332,0.0001245094
24870,-0.0000952973,0.0000452218,0.0000428392,0.0001138499
24871,-0.0000969728,0.0000583599,0.0000879771,0.0001433512
24872,-0.0000989724,0.0000635409,0.0001063736,0.0001585822
24873,-0.0000953075,0.0000535029,0.0000706202,0.0001301279
24874,-0.0000972083,0.0000418762,0.0000323336,0.0001106731
24875,-0.0000992288,0.0000467996,0.0000496349,0.0001204167
24876,-0.0000954849,0.0000372262,0.0000157875,0.0001036937
24877,-0.0001039556,0.0000485155,0.0000555779,0.0001274732
24878,-0.0001062440,0.0000535730,0.0000728943,0.0001395400
24879,-0.0001089572,0.0000590023,0.0000909259,0.0001536894
24880,-0.0001117201,0.0000646303,0.0001092754,0.0001691141
24881,-0.0001146463,0.0000706778,0.0001281877,0.0001859334
24882,-0.0001177303,0.0000769662,0.0001481138,0.0002042594
24883,-0.0001093775,0.0000501115,0.0000603278,0.0001345884
24884,-0.0001098831,0.0000413493,0.0000305033,0.0001213034
24885,-0.0001104644,0.0000327574,0.0000017751,0.0001152327
24886,-0.0001072816,0.0000364435,0.0000140379,0.0001141689
24887,-0.0001047908,0.0000317370,-0.0000016482,0.0001095038
24888,-0.0001067012,0.0000448365,0.0000431818,0.0001235319
24889,-0.0001043527,0.0000400074,0.0000265609,0.0001148719
24890,-0.0001078624,0.0000280707,-0.0000140633,0.0001123389
24891,-0.0001054266,0.0000234780,-0.0000295839,0.0001119875
24892,-0.0001184329,0.0000582493,0.0000858836,0.0001574653
24893,-0.0001154396,0.0000522193,0.0000663922,0.0001430422
24894,-0.0001126992,0.0000465649,0.0000479042,0.0001310123
24895,-0.0001150251,0.0000614212,0.0000971557,0.0001626117
24896,-0.0001180046,0.0000675690,0.0001169596,0.0001793605
24897,-0.0001121212,0.0000555719,0.0000782823,0.0001476060
24898,-0.0001160290,0.0000433047,0.0000361045,0.0001290021
24899,-0.0001189913,0.0000491350,0.0000551528,0.0001400536
24900,-0.0001132732,0.0000379483,0.0000184682,0.0001208799
24901,-0.0001087296,0.0000879738,0.0001882435,0.0002345147
24902,-0.0001085244,0.0000778762,0.0001544979,0.0002042348
24903,-0.0001086916,0.0000683505,0.0001222629,0.0001772960
24904,-0.0001058984,0.0000719195,0.0001348266,0.0001859169
24905,-0.0001034608,0.0000660744,0.0001153442,0.0001684466
24906,-0.0001058808,0.0000813430,0.0001665797,0.0002134858
24907,-0.0001033738,0.0000751033,0.0001459085,0.0001939483
24908,-0.0001060649,0.0000627119,0.0001035273,0.0001609361
24909,-0.0001036460,0.0000571735,0.0000851811,0.0001458325
24910,-0.0001113056,0.0000827253,0.0001699601,0.0002193601
24911,-0.0001145608,0.0000885303,0.0001880818,0.0002373533
24912,-0.0001175134,0.0000955092,0.0002097556,0.0002587060
24913,-0.0001144234,0.0000796687,0.0001587850,0.0002113114
24914,-0.0001114459,0.0000738458,0.0001401254,0.0001936712
24915,-0.0001175880,0.0000862435,0.0001789895,0.0002308725
24916,-0.0001143460,0.0001054068,0.0002440618,0.0002893990
24917,-0.0001144925,0.0000974433,0.0002174525,0.0002643659
24918,-0.0001113475,0.0000974683,0.0002191756,0.0002644547
24919,-0.0001118839,0.0000907171,0.0001964729,0.0002436169
24920,-0.0001174716,0.0001133569,0.0002688531,0.0003145335
24921,-0.0001174669,0.0001045547,0.0002398461,0.0002868037
24922,-0.0000941013,0.0001056870,0.0002391320,0.0002778649
24923,-0.0000952928,0.0001117125,0.0002627057,0.0003009563
24924,-0.0000966215,0.0001181567,0.0002866579,0.0003247606
24925,-0.0000981856,0.0001246170,0.0003104207,0.0003486127
24926,-0.0000998550,0.0001314584,0.0003345091,0.0003730264
24927,-0.0001020296,0.0001387511,0.0003592112,0.0003983649
24928,-0.0001041839,0.0001462301,0.0003842198,0.0004241018
24929,-0.0001063097,0.0001542920,0.0004101985,0.0004509663
24930,-0.0001094451,0.0001628940,0.0004382858,0.0004802157
24931,-0.0001122156,0.0001717286,0.0004652654,0.0005084830
24932,-0.0001157144,0.0001808957,0.0004930777,0.0005378092
24933,-0.0001192579,0.0001905264,0.0005214559,0.0005678371
24934,-0.0001228235,0.0002004527,0.0005504055,0.0005985091
24935,-0.0001038236,0.0001384750,0.0003587076,0.0003982785
24936,-0.0001031304,0.0001300535,0.0003309754,0.0003702627
24937,-0.0001024762,0.0001217986,0.0003028328,0.0003421169
24938,-0.0001021274,0.0001131136,0.0002740007,0.0003135300
24939,-0.0001017930,0.0001043963,0.0002449460,0.0002850595
24940,-0.0001014378,0.0000955184,0.0002146878,0.0002559379
24941,-0.0001012243,0.0000866707,0.0001850514,0.0002280399
24942,-0.0000919522,0.0000733634,0.0001311706,0.0001761906
24943,-0.0000932287,0.0000788303,0.0001521399,0.0001950702
24944,-0.0000946263,0.0000849713,0.0001749338,0.0002162778
24945,-0.0000961957,0.0000920538,0.0002008162,0.0002409453
24946,-0.0000979923,0.0000988961,0.0002253277,0.0002648688
24947,-0.0000999724,0.0001058717,0.0002495862,0.0002889577
24948,-0.0000943089,0.0000758227,0.0001442069,0.0001882522
24949,-0.0000939065,0.0000663101,0.0001120863,0.0001605577
24950,-0.0000928241,0.0000702284,0.0001232914,0.0001695556
24951,-0.0000915241,0.0000650657,0.0001033091,0.0001525876
24952,-0.0000924093,0.0000613573,0.0000937223,0.0001452173
24953,-0.0000911074,0.0000565789,0.0000754207,0.0001311107
24954,-0.0000975986,0.0000907584,0.0001975110,0.0002382712
24955,-0.0000975085,0.0000829491,0.0001712130,0.0002137811
24956,-0.0000972860,0.0000746682,0.0001432342,0.0001885628
24957,-0.0000955216,0.0000700114,0.0001263094,0.0001731474
24958,-0.0000958544,0.0000840666,0.0001736597,0.0002154366
24959,-0.0000959683,0.0000773379,0.0001511914,0.0001950639
24960,-0.0000992995,0.0000891097,0.0001926595,0.0002343472
24961,-0.0000996200,0.0000974703,0.0002212029,0.0002614485
24962,-0.0000991592,0.0000804760,0.0001638243,0.0002077193
24963,-0.0000960968,0.0001100824,0.0002597886,0.0002980652
24964,-0.0000955308,0.0001019313,0.0002322189,0.0002710014
24965,-0.0000950562,0.0000936487,0.0002041823,0.0002439184
24966,-0.0000941789,0.0000956650,0.0002087680,0.0002482046
24967,-0.0000929775,0.0000896882,0.0001858099,0.0002263054
24968,-0.0000947153,0.0001038597,0.0002361570,0.0002748235
24969,-0.0000935027,0.0000978472,0.0002128904,0.0002522680
24970,-0.0000936740,0.0000873556,0.0001808180,0.0002215874
24971,-0.0000924150,0.0000815690,0.0001586383,0.0002008984
24972,-0.0001008350,0.0001228000,0.0003060065,0.0003448007
24973,-0.0000988922,0.0001154415,0.0002809835,0.0003194654
24974,-0.0000970942,0.0001085840,0.0002564685,0.0002949472
24975,-0.0000993579,0.0001236486,0.0003083252,0.0003467353
24976,-0.0001013770,0.0001308103,0.0003331658,0.0003720055
24977,-0.0000975967,0.0001167066,0.0002836990,0.0003219172
24978,-0.0000983960,0.0001072574,0.0002533366,0.0002921735
24979,-0.0001003691,0.0001143031,0.0002779874,0.0003168851
24980,-0.0000966154,0.0001003763,0.0002287404,0.0002678285
24981,-0.0001044823,0.0001206795,0.0002991164,0.0003390438
24982,-0.0001070057,0.0001290941,0.0003263907,0.0003669420
24983,-0.0001099416,0.0001372528,0.0003525728,0.0003939962
24984,-0.0001130675,0.0001459290,0.0003796488,0.0004221525
24985,-0.0001163803,0.0001550349,0.0004077122,0.0004514526
24986,-0.0001197666,0.0001646311,0.0004364773,0.0004816221
24987,-0.0001095106,0.0001295983,0.0003272410,0.0003686123
24988,-0.0001093239,0.0001224139,0.0003030721,0.0003446587
24989,-0.0001091105,0.0001142815,0.0002763313,0.0003183149
24990,-0.0001086634,0.0001060268,0.0002488127,0.0002914741
24991,-0.0001036822,0.0001020595,0.0002368179,0.0002779367
24992,-0.0001061941,0.0001075184,0.0002547457,0.0002961971
24993,-0.0001034245,0.0000930299,0.0002061662,0.0002487080
24994,-0.0001059514,0.0000991304,0.0002267339,0.0002691854
24995,-0.0001042108,0.0001116711,0.0002690912,0.0003094194
24996,-0.0001066860,0.0001213726,0.0003007173,0.0003413855
24997,-0.0001068726,0.0001151029,0.0002799738,0.0003210229
24998,-0.0001187576,0.0001482151,0.0003831525,0.0004276412
24999,-0.0001154431,0.0001389105,0.0003550877,0.0003983849
25000,-0.0001124416,0.0001303081,0.0003284097,0.0003707779
25001,-0.0001158656,0.0001470970,0.0003816693,0.0004251280
25002,-0.0001192576,0.0001565318,0.0004102406,0.0004549966
25003,-0.0001126901,0.0001380805,0.0003540252,0.0003963574
25004,-0.0001147774,0.0001222960,0.0003000707,0.0003437624
25005,-0.0001151008,0.0001307091,0.0003279584,0.0003713351
25006,-0.0001179868,0.0001308742,0.0003268132,0.0003712894
25007,-0.0001183458,0.0001396090,0.0003553040,0.0003996715
25008,-0.0001116535,0.0001139134,0.0002738727,0.0003169370
25009,-0.0001120245,0.0001222612,0.0003015890,0.0003441703
25010,-0.0001119159,0.0001652594,0.0004446113,0.0004873551
25011,-0.0001116504,0.0001592797,0.0004245444,0.0004669837
25012,-0.0001110514,0.0001521874,0.0004016155,0.0004436084
25013,-0.0001103764,0.0001446969,0.0003772339,0.0004188383
25014,-0.0001052772,0.0001376813,0.0003557977,0.0003957669
25015,-0.0001079455,0.0001442399,0.0003767904,0.0004176463
25016,-0.0001048803,0.0001292622,0.0003279030,0.0003677349
25017,-0.0001074151,0.0001368200,0.0003523351,0.0003929347
25018,-0.0001060745,0.0001466084,0.0003847010,0.0004251361
25019,-0.0001088327,0.0001563321,0.0004164070,0.0004579073
25020,-0.0001089537,0.0001513631,0.0003999837,0.0004413260
25021,-0.0001215717,0.0001871396,0.0005086245,0.0005554276
25022,-0.0001179991,0.0001772553,0.0004796065,0.0005247529
25023,-0.0001145871,0.0001678371,0.0004511203,0.0004947818
25024,-0.0001187517,0.0001840287,0.0005009938,0.0005467754
25025,-0.0001222431,0.0001940349,0.0005301862,0.0005776594
25026,-0.0001150059,0.0001744676,0.0004725906,0.0005167274
25027,-0.0001170484,0.0001627957,0.0004328094,0.0004769976
25028,-0.0001175760,0.0001701955,0.0004566775,0.0005013432
25029,-0.0001203805,0.0001725059,0.0004616015,0.0005072729
25030,-0.0001209197,0.0001799772,0.0004858221,0.0005320118
25031,-0.0001136224,0.0001535396,0.0004045134,0.0004473428
25032,-0.0001141065,0.0001609452,0.0004286230,0.0004718488
25033,-0.0001048394,0.0001950291,0.0005366201,0.0005805073
25034,-0.0001053173,0.0001915740,0.0005278465,0.0005713268
25035,-0.0001058852,0.0001879975,0.0005172714,0.0005604681
25036,-0.0001059912,0.0001832832,0.0005030983,0.0005458340
25037,-0.0001063392,0.0001783067,0.0004879775,0.0005303050
25038,-0.0001058457,0.0001729548,0.0004714806,0.0005132354
25039,-0.0001053504,0.0001671511,0.0004526991,0.0004939379
25040,-0.0001047834,0.0001603549,0.0004309440,0.0004715994
25041,-0.0001045378,0.0001535889,0.0004084174,0.0004486898
25042,-0.0000962036,0.0001350586,0.0003369140,0.0003755090
25043,-0.0000974601,0.0001415163,0.0003618315,0.0004005588
25044,-0.0000982874,0.0001485184,0.0003868827,0.0004259065
25045,-0.0000999326,0.0001559969,0.0004140231,0.0004535821
25046,-0.0001015290,0.0001633044,0.0004389620,0.0004792328
25047,-0.0001037176,0.0001707322,0.0004634536,0.0005046742
25048,-0.0000981633,0.0001416137,0.0003649128,0.0004035491
25049,-0.0000975099,0.0001336713,0.0003384538,0.0003767323
25050,-0.0000971000,0.0001259732,0.0003127780,0.0003508956
25051,-0.0000963267,0.0001271409,0.0003143223,0.0003524800
25052,-0.0000952481,0.0001207217,0.0002895760,0.0003278723
25053,-0.0000969075,0.0001346708,0.0003393412,0.0003777297
25054,-0.0000957352,0.0001280550,0.0003140932,0.0003524455
25055,-0.0000958598,0.0001195375,0.0002887836,0.0003269163
25056,-0.0000946608,0.0001131761,0.0002642221,0.0003026265
25057,-0.0000990695,0.0001391858,0.0003589653,0.0003975468
25058,-0.0001009320,0.0001458000,0.0003822093,0.0004213418
25059,-0.0001026891,0.0001529969,0.0004063435,0.0004461705
25060,-0.0001004711,0.0001388221,0.0003590084,0.0003978103
25061,-0.0000987242,0.0001322488,0.0003357563,0.0003741236
25062,-0.0001024724,0.0001459886,0.0003834427,0.0004228967
25063,-0.0001013175,0.0001575776,0.0004209719,0.0004607746
25064,-0.0001013482,0.0001523972,0.0004033954,0.0004429720
25065,-0.0000995781,0.0001501323,0.0003947377,0.0004339048
25066,-0.0000997373,0.0001456278,0.0003804456,0.0004193970
25067,-0.0001033073,0.0001651684,0.0004461077,0.0004867906
25068,-0.0001031800,0.0001594126,0.0004274104,0.0004676945
25069,-0.0000981559,0.0001659853,0.0004430561,0.0004832023
25070,-0.0000983112,0.0001608431,0.0004262821,0.0004661031
25071,-0.0000987300,0.0001547954,0.0004077771,0.0004472039
25072,-0.0000972718,0.0001540295,0.0004021161,0.0004414569
25073,-0.0000965028,0.0001473931,0.0003774233,0.0004165164
25074,-0.0000967625,0.0001596344,0.0004191787,0.0004588648
25075,-0.0000962397,0.0001532507,0.0003956641,0.0004350839
25076,-0.0000974884,0.0001479754,0.0003827112,0.0004217447
25077,-0.0000964824,0.0001415953,0.0003581817,0.0003970544
25078,-0.0001003312,0.0001673363,0.0004499268,0.0004904099
25079,-0.0001020430,0.0001735608,0.0004710519,0.0005122753
25080,-0.0001037866,0.0001808251,0.0004940311,0.0005362239
25081,-0.0001020326,0.0001686951,0.0004556897,0.0004965096
25082,-0.0001002214,0.0001619361,0.0004323465,0.0004724310
25083,-0.0001040808,0.0001757882,0.0004794215,0.0005211327
25084,-0.0001009874,0.0001807679,0.0004921287,0.0005339158
25085,-0.0001018152,0.0001784098,0.0004855913,0.0005272526
25086,-0.0000997338,0.0001730843,0.0004671298,0.0005080504
25087,-0.0001030414,0.0001878092,0.0005149963,0.0005577733
25088,-0.0001037162,0.0001847443,0.0005066972,0.0005492081
25089,-0.0001086147,0.0001862922,0.0005127039,0.0005562079
25090,-0.0001112387,0.0001944979,0.0005381207,0.0005829043
25091,-0.0001140167,0.0002028225,0.0005625605,0.0006087783
25092,-0.0001165998,0.0002116844,0.0005875393,0.0006353016
25093,-0.0001204638,0.0002203467,0.0006127924,0.0006622527
25094,-0.0001236251,0.0002294842,0.0006376689,0.0006888888
25095,-0.0001140828,0.0001983873,0.0005498199,0.0005955454
25096,-0.0001138281,0.0001938798,0.0005356678,0.0005809356
25097,-0.0001133577,0.0001895739,0.0005221190,0.0005669184
25098,-0.0001135750,0.0001840687,0.0005044793,0.0005488897
25099,-0.0001127491,0.0001779475,0.0004851403,0.0005289034
25100,-0.0001075216,0.0001683089,0.0004561775,0.0004979826
25101,-0.0001100943,0.0001755400,0.0004786444,0.0005215702
25102,-0.0001070319,0.0001613023,0.0004338558,0.0004750843
25103,-0.0001097891,0.0001693144,0.0004589826,0.0005013841
25104,-0.0001082373,0.0001752979,0.0004789767,0.0005214052
25105,-0.0001107899,0.0001850101,0.0005087906,0.0005526039
25106,-0.0001109082,0.0001814279,0.0004974279,0.0005409725
25107,-0.0001082051,0.0001810346,0.0004965543,0.0005394887
25108,-0.0001111210,0.0001898258,0.0005238485,0.0005681540
25109,-0.0001236441,0.0002171691,0.0006020624,0.0006518661
25110,-0.0001202562,0.0002074637,0.0005746458,0.0006226721
25111,-0.0001167979,0.0001980309,0.0005477257,0.0005940215
25112,-0.0001203188,0.0002122554,0.0005890440,0.0006375750
25113,-0.0001204924,0.0002166513,0.0006015419,0.0006506219
25114,-0.0001237932,0.0002217969,0.0006156821,0.0006660203
25115,-0.0001238434,0.0002258316,0.0006275821,0.0006783778
25116,-0.0001169703,0.0002029362,0.0005622034,0.0006090466
25117,-0.0001168093,0.0002075575,0.0005756232,0.0006229499
25118,-0.0001198161,0.0001967035,0.0005408754,0.0005878727
25119,-0.0001200815,0.0002020042,0.0005585639,0.0006059859
25120,-0.0001233980,0.0002063539,0.0005692162,0.0006179127
25121,-0.0001234482,0.0002120529,0.0005864350,0.0006356980
25122,-0.0001162315,0.0001871988,0.0005127023,0.0005580473
25123,-0.0001168020,0.0001928730,0.0005314660,0.0005773203
25124,-0.0001115365,0.0002182412,0.0006020208,0.0006499990
25125,-0.0001128505,0.0002161062,0.0005983553,0.0006461162
25126,-0.0001130719,0.0002131158,0.0005915487,0.0006388533
25127,-0.0001133275,0.0002104226,0.0005836876,0.0006307234
25128,-0.0001139908,0.0002069125,0.0005741698,0.0006208684
25129,-0.0001079293,0.0001952729,0.0005392909,0.0005836222
25130,-0.0001109343,0.0002024407,0.0005614618,0.0006070651
25131,-0.0001085196,0.0001908640,0.0005271775,0.0005710706
25132,-0.0001112283,0.0001988588,0.0005504831,0.0005957752
25133,-0.0001074339,0.0001989215,0.0005494209,0.0005941171
25134,-0.0001102504,0.0002058095,0.0005701301,0.0006160853
25135,-0.0001069447,0.0002019920,0.0005573112,0.0006023568
25136,-0.0001095624,0.0002084716,0.0005769005,0.0006231200
25137,-0.0001095298,0.0002118810,0.0005845535,0.0006313423
25138,-0.0001162423,0.0002212103,0.0006135244,0.0006624639
25139,-0.0001188107,0.0002291631,0.0006344674,0.0006849676
25140,-0.0001219086,0.0002376276,0.0006566593,0.0007088935
25141,-0.0001194804,0.0002270103,0.0006297548,0.0006800002
25142,-0.0001201501,0.0002238045,0.0006220855,0.0006719486
25143,-0.0001167346,0.0002182437,0.0006064891,0.0006550468
25144,-0.0001168275,0.0002153190,0.0005981076,0.0006463309
25145,-0.0001228433,0.0002353971,0.0006523833,0.0007043481
25146,-0.0001234291,0.0002327733,0.0006458857,0.0006975575
25147,-0.0001163630,0.0002347939,0.0006427157,0.0006940836
25148,-0.0001169365,0.0002327997,0.0006393381,0.0006903790
25149,-0.0001178369,0.0002312293,0.0006382191,0.0006889675
25150,-0.0001151204,0.0002234925,0.0006177253,0.0006669229
25151,-0.0001139041,0.0002252995,0.0006206044,0.0006699879
25152,-0.0001198895,0.0002408817,0.0006602009,0.0007129255
25153,-0.0001182799,0.0002416030,0.0006579346,0.0007108025
25154,-0.0001209779,0.0002393321,0.0006588146,0.0007113032
25155,0.0001185960,0.0000523956,-0.0003336007,0.0003579102
25156,0.0001145636,0.0000560995,-0.0003192323,0.0003437750
25157,0.0001099520,0.0000598302,-0.0003026944,0.0003275561
25158,0.0001049031,0.0000635522,-0.0002837265,0.0003091023
25159,0.0000992776,0.0000677070,-0.0002623286,0.0002885422
25160,0.0000927053,0.0000726140,-0.0002382383,0.0002657528
25161,0.0000858259,0.0000778092,-0.0002112623,0.0002409401
25162,0.0000781277,0.0000827866,-0.0001810147,0.0002138314
25163,0.0000699075,0.0000879274,-0.0001499517,0.0001873601
25164,0.0000618295,0.0000932300,-0.0001173439,0.0001621243
25165,0.0000534665,0.0000988079,-0.0000837595,0.0001401332
25166,0.0000446227,0.0001045403,-0.0000483455,0.0001235199
25167,0.0000357741,0.0001104673,-0.0000128188,0.0001168210
25168,0.0000269895,0.0001161300,0.0000233582,0.0001214916
25169,0.0000177700,0.0001222535,0.0000614123,0.0001379607
25170,0.0000084461,0.0001283302,0.0000993361,0.0001625043
25171,-0.0000003024,0.0001341601,0.0001356284,0.0001907724
25172,-0.0000088767,0.0001397855,0.0001710846,0.0002211079
25173,-0.0000175144,0.0001454471,0.0002068159,0.0002534451
25174,-0.0000256795,0.0001506706,0.0002402187,0.0002847211
25175,-0.0000336394,0.0001555900,0.0002721138,0.0003152551
25176,-0.0000410984,0.0001601858,0.0003022140,0.0003445023
25177,-0.0000477539,0.0001639922,0.0003288692,0.0003705790
25178,-0.0000544828,0.0001674993,0.0003531655,0.0003946520
25179,-0.0000609339,0.0001701185,0.0003750140,0.0004162796
25180,-0.0000665468,0.0001727663,0.0003959899,0.0004371323
25181,-0.0000722370,0.0001739259,0.0004115096,0.0004525578
25182,-0.0000775716,0.0001743034,0.0004236474,0.0004646248
25183,-0.0000817433,0.0001744174,0.0004312749,0.0004723362
25184,-0.0000848924,0.0001735383,0.0004351941,0.0004761472
25185,-0.0000873353,0.0001719148,0.0004357021,0.0004764645
25186,-0.0000898151,0.0001692174,0.0004322507,0.0004728022
25187,-0.0000918566,0.0001664849,0.0004269259,0.0004673549
25188,-0.0000933552,0.0001622437,0.0004159213,0.0004561017
25189,-0.0000944464,0.0001576648,0.0004030170,0.0004429459
25190,-0.0000132275,0.0001656866,0.0000673045,0.0001793235
25191,-0.0000133052,0.0001628470,0.0000791031,0.0001815309
25192,-0.0000115080,0.0001576792,0.0000897783,0.0001818112
25193,-0.0000083127,0.0001516305,0.0000907830,0.0001769250
25194,-0.0000051419,0.0001463700,0.0000900504,0.0001719293
25195,-0.0000018342,0.0001410224,0.0000866990,0.0001655518
25196,0.0000016605,0.0001363585,0.0000818425,0.0001590427
25197,0.0000047609,0.0001322208,0.0000764214,0.0001527915
25198,0.0000085515,0.0001281751,0.0000692515,0.0001459375
25199,0.0000132360,0.0001240607,0.0000565655,0.0001369887
25200,0.0000190634,0.0001196360,0.0000389836,0.0001272632
25201,0.0000243217,0.0001161761,0.0000228402,0.0001208723
25202,0.0000299790,0.0001129856,0.0000055849,0.0001170285
25203,-0.0000066297,0.0001428660,0.0001169611,0.0001847554
25204,-0.0000149306,0.0001489257,0.0001510366,0.0002126355
25205,-0.0000232864,0.0001541841,0.0001834333,0.0002407545
25206,-0.0000318292,0.0001586583,0.0002166754,0.0002704326
25207,-0.0000402702,0.0001615388,0.0002445310,0.0002958241
25208,-0.0000483070,0.0001632414,0.0002686180,0.0003180203
25209,-0.0000563016,0.0001639934,0.0002897994,0.0003377091
25210,-0.0000642329,0.0001631825,0.0003039277,0.0003508937
25211,-0.0000705082,0.0001618926,0.0003128159,0.0003592136
25212,-0.0000777227,0.0001594279,0.0003185000,0.0003645550
25213,-0.0000828876,0.0001556503,0.0003174841,0.0003631715
25214,-0.0000873831,0.0001520720,0.0003133381,0.0003590856
25215,-0.0000921131,0.0001470181,0.0003034655,0.0003495574
25216,-0.0000945336,0.0001414275,0.0002898083,0.0003360464
25217,-0.0000959724,0.0001352570,0.0002729351,0.0003193724
25218,-0.0000967710,0.0001289403,0.0002535511,0.0003004636
25219,-0.0000970045,0.0001217364,0.0002308271,0.0002784076
25220,-0.0000949172,0.0001429864,0.0001661461,0.0002388700
25221,-0.0000926820,0.0001495686,0.0002001356,0.0002664864
25222,-0.0000885091,0.0001531655,0.0002326397,0.0002922581
25223,-0.0000833103,0.0001558486,0.0002581537,0.0003128462
25224,-0.0000787270,0.0001574342,0.0002797319,0.0003305048
25225,-0.0000743219,0.0001597498,0.0002977768,0.0003459982
25226,-0.0000949564,0.0001471345,0.0002227518,0.0002833437
25227,-0.0000993125,0.0001400571,0.0002094362,0.0002708181
25228,-0.0001012802,0.0001325063,0.0001908063,0.0002534218
25229,-0.0001021057,0.0001241566,0.0001679533,0.0002324839
25230,-0.0001017941,0.0001155004,0.0001444060,0.0002110817
25231,-0.0000997550,0.0001064632,0.0001217513,0.0001900233
25232,-0.0001038729,0.0001189776,0.0001149968,0.0001953702
25233,-0.0001031228,0.0001264388,0.0001524228,0.0002232796
25234,-0.0001005720,0.0001004406,0.0000716572,0.0001591785
25235,-0.0001011978,0.0001088887,0.0001081171,0.0001838125
25236,-0.0000985667,0.0000999245,0.0000861694,0.0001646981
25237,-0.0001028859,0.0001104587,0.0000934125,0.0001775177
25238,-0.0001028720,0.0001179829,0.0001307553,0.0002039597
25239,-0.0001007980,0.0001357343,0.0001526478,0.0002277837
25240,-0.0001035593,0.0001274799,0.0001349321,0.0002125614
25241,-0.0000981502,0.0001422179,0.0001884824,0.0002557049
25242,-0.0001017981,0.0001346516,0.0001727291,0.0002415144
25243,-0.0001005969,0.0001297293,0.0002036412,0.0002615706
25244,-0.0000987603,0.0001329602,0.0002327121,0.0002856343
25245,-0.0000964071,0.0001369140,0.0002632279,0.0003119755
25246,-0.0000997394,0.0001267446,0.0002137650,0.0002677828
25247,-0.0000995646,0.0001194341,0.0001931210,0.0002479382
25248,-0.0000984815,0.0001121730,0.0001734808,0.0002288602
25249,-0.0001002048,0.0001144251,0.0001601226,0.0002208469
25250,-0.0000986547,0.0001075741,0.0001447588,0.0002055725
25251,-0.0001009446,0.0001218925,0.0001818226,0.0002410540
25252,-0.0000982165,0.0001241984,0.0002239057,0.0002742362
25253,-0.0000978025,0.0001306913,0.0002442180,0.0002937482
25254,-0.0000979741,0.0001167667,0.0002026919,0.0002536087
25255,-0.0000952664,0.0001445709,0.0002403500,0.0002962171
25256,-0.0000905513,0.0001489819,0.0002712244,0.0003224249
25257,-0.0000867864,0.0001524025,0.0002961573,0.0003441912
25258,-0.0000943926,0.0001436348,0.0002600071,0.0003116803
25259,-0.0000969051,0.0001387936,0.0002517321,0.0003033534
25260,-0.0000987312,0.0001374807,0.0002264112,0.0002826851
25261,-0.0000909742,0.0001479747,0.0002892628,0.0003374105
25262,-0.0000940606,0.0001428068,0.0002777777,0.0003261926
25263,-0.0000848424,0.0001538592,0.0002786965,0.0003294581
25264,-0.0000904580,0.0001508452,0.0002520545,0.0003073571
25265,-0.0000806469,0.0001568073,0.0002994287,0.0003474910
25266,-0.0000607523,0.0001656395,0.0001680667,0.0002436672
25267,-0.0000591302,0.0001685982,0.0001917494,0.0002620870
25268,-0.0000553259,0.0001689149,0.0002142815,0.0002784058
25269,-0.0000505151,0.0001678251,0.0002270913,0.0002868580
25270,-0.0000469819,0.0001657041,0.0002363098,0.0002924166
25271,-0.0000431936,0.0001637498,0.0002408689,0.0002944444
25272,-0.0000645492,0.0001663253,0.0002242235,0.0002865430
25273,-0.0000728388,0.0001633723,0.0002320871,0.0002930194
25274,-0.0000809391,0.0001584248,0.0002348479,0.0002946237
25275,-0.0000853717,0.0001520819,0.0001770000,0.0002484879
25276,-0.0000785567,0.0001600158,0.0002049591,0.0002716330
25277,-0.0000861953,0.0001552659,0.0002100515,0.0002750614
25278,-0.0000732125,0.0001588909,0.0001757310,0.0002479673
25279,-0.0000691584,0.0001657707,0.0002010852,0.0002696258
25280,-0.0000594557,0.0001639818,0.0002794267,0.0003293999
25281,-0.0000633490,0.0001639016,0.0002680195,0.0003204860
25282,-0.0000676752,0.0001638223,0.0002530762,0.0003089745
25283,-0.0000549194,0.0001657491,0.0002547226,0.0003088244
25284,-0.0000516354,0.0001642034,0.0002627657,0.0003141254
25285,-0.0000587816,0.0001663357,0.0002420467,0.0002995153
25286,-0.0000704440,0.0001616352,0.0002762917,0.0003277581
25287,-0.0000671537,0.0001625000,0.0002921535,0.0003409832
25288,-0.0000754129,0.0001601588,0.0002577256,0.0003126667
25289,-0.0000195468,0.0001634281,0.0001174283,0.0002021886
25290,-0.0000282197,0.0001675863,0.0001471427,0.0002247943
25291,-0.0000370104,0.0001697365,0.0001723135,0.0002446879
25292,-0.0000465293,0.0001694662,0.0001955730,0.0002629307
25293,-0.0000348779,0.0001716157,0.0001277998,0.0002167976
25294,-0.0000311971,0.0001709447,0.0001372325,0.0002214229
25295,-0.0000474999,0.0001699496,0.0001535658,0.0002339264
25296,-0.0000414797,0.0001713620,0.0001622328,0.0002395933
25297,-0.0000505125,0.0001704664,0.0001835989,0.0002555755
25298,-0.0000231597,0.0001697307,0.0000992862,0.0001979965
25299,-0.0000212873,0.0001679969,0.0001090597,0.0002014203
25300,-0.0000184308,0.0001536847,0.0001551287,0.0002191429
25301,-0.0000216067,0.0001583330,0.0001559417,0.0002232801
25302,-0.0000246592,0.0001629944,0.0001531044,0.0002249805
25303,-0.0000133606,0.0001529448,0.0001239768,0.0001973344
25304,-0.0000101111,0.0001478133,0.0001215218,0.0001916208
25305,-0.0000165047,0.0001582730,0.0001233624,0.0002013480
25306,-0.0000378821,0.0001646572,0.0002120711,0.0002711480
25307,-0.0000295689,0.0001623027,0.0001857761,0.0002484537
25308,-0.0000345088,0.0001619245,0.0002157535,0.0002719558
25309,-0.0000266945,0.0001584747,0.0001872174,0.0002467330
25310,-0.0000415916,0.0001675616,0.0002050762,0.0002680727
25311,-0.0000329261,0.0001660104,0.0001806339,0.0002475322
25312,-0.0000676979,0.0001634095,0.0003263730,0.0003712210
25313,-0.0000670708,0.0001644404,0.0003394153,0.0003830690
25314,-0.0000657104,0.0001661872,0.0003518245,0.0003946093
25315,-0.0000648884,0.0001669143,0.0003602900,0.0004023429
25316,-0.0000637392,0.0001683282,0.0003673464,0.0004090726
25317,-0.0000624528,0.0001695372,0.0003729804,0.0004144364
25318,-0.0000923098,0.0001462086,0.0003151162,0.0003594389
25319,-0.0000904250,0.0001506142,0.0003377473,0.0003807027
25320,-0.0000896670,0.0001544852,0.0003599042,0.0004017921
25321,-0.0000883214,0.0001591523,0.0003817133,0.0004228891
25322,-0.0000878874,0.0001632663,0.0004007708,0.0004415850
25323,-0.0000874795,0.0001675188,0.0004187001,0.0004593745
25324,-0.0000913400,0.0001507119,0.0003498869,0.0003917625
25325,-0.0000932099,0.0001459563,0.0003375194,0.0003793556
25326,-0.0000943806,0.0001408318,0.0003237750,0.0003654744
25327,-0.0000952840,0.0001351127,0.0003062291,0.0003480097
25328,-0.0000957084,0.0001340224,0.0002819785,0.0003265486
25329,-0.0000943119,0.0001405078,0.0003117249,0.0003546965
25330,-0.0000960301,0.0001266642,0.0002578005,0.0003028642
25331,-0.0000955841,0.0001304864,0.0002812059,0.0003244068
25332,-0.0000949440,0.0001361457,0.0003004983,0.0003432918
25333,-0.0000945894,0.0001402996,0.0002996674,0.0003441391
25334,-0.0000924592,0.0001460344,0.0003265513,0.0003694732
25335,-0.0000917601,0.0001613739,0.0004063883,0.0004467806
25336,-0.0000920804,0.0001558383,0.0003836804,0.0004242346
25337,-0.0000929185,0.0001509708,0.0003614792,0.0004026081
25338,-0.0000906470,0.0001601803,0.0003944047,0.0004352352
25339,-0.0000898213,0.0001650063,0.0004141634,0.0004547816
25340,-0.0000913488,0.0001550280,0.0003727346,0.0004138954
25341,-0.0000939953,0.0001460501,0.0003559201,0.0003960364
25342,-0.0000933603,0.0001514991,0.0003717308,0.0004121309
25343,-0.0000945558,0.0001518182,0.0003800244,0.0004200097
25344,-0.0000932287,0.0001567782,0.0003940934,0.0004342587
25345,-0.0000945941,0.0001405940,0.0003310983,0.0003719419
25346,-0.0000937768,0.0001460245,0.0003480962,0.0003889579
25347,-0.0000714292,0.0001654192,0.0003604359,0.0004029636
25348,-0.0000762379,0.0001646288,0.0003668401,0.0004092511
25349,-0.0000801451,0.0001634290,0.0003708136,0.0004130799
25350,-0.0000839383,0.0001610386,0.0003717596,0.0004137442
25351,-0.0000873715,0.0001582492,0.0003680572,0.0004100521
25352,-0.0000855195,0.0001552554,0.0003352962,0.0003792642
25353,-0.0000823584,0.0001598269,0.0003543484,0.0003973542
25354,-0.0000889587,0.0001511979,0.0003263922,0.0003705486
25355,-0.0000879321,0.0001542205,0.0003466773,0.0003894883
25356,-0.0000853460,0.0001579408,0.0003550424,0.0003978496
25357,-0.0000745433,0.0001613959,0.0003329461,0.0003774367
25358,-0.0000804470,0.0001590105,0.0003360641,0.0003803882
25359,-0.0000723190,0.0001637453,0.0003476316,0.0003910119
25360,-0.0000777209,0.0001621632,0.0003521357,0.0003953947
25361,-0.0000777150,0.0001718249,0.0004125727,0.0004536294
25362,-0.0000781931,0.0001693440,0.0003996859,0.0004410673
25363,-0.0000793325,0.0001663006,0.0003867009,0.0004283540
25364,-0.0000736984,0.0001692306,0.0003924148,0.0004336587
25365,-0.0000687753,0.0001691688,0.0003820076,0.0004234122
25366,-0.0000730195,0.0001715379,0.0004028006,0.0004438530
25367,-0.0000674322,0.0001710466,0.0003895719,0.0004307787
25368,-0.0000747688,0.0001673080,0.0003807319,0.0004225389
25369,-0.0000698600,0.0001671655,0.0003715160,0.0004133387
25370,-0.0000847064,0.0001661544,0.0004041495,0.0004451059
25371,-0.0000822445,0.0001681683,0.0004041583,0.0004454084
25372,-0.0000848924,0.0001698453,0.0004203813,0.0004612749
25373,-0.0000818623,0.0001713207,0.0004177003,0.0004588309
25374,-0.0000857009,0.0001619974,0.0003866653,0.0004278993
25375,-0.0000829271,0.0001646971,0.0003881961,0.0004297654
25376,-0.0000389170,0.0001596221,0.0002498319,0.0002990147
25377,-0.0000371638,0.0001583661,0.0002544285,0.0003019848
25378,-0.0000349900,0.0001561500,0.0002528405,0.0002992248
25379,-0.0000329455,0.0001546574,0.0002517573,0.0002972979
25380,-0.0000307899,0.0001530859,0.0002487574,0.0002937066
25381,-0.0000283772,0.0001518618,0.0002449881,0.0002896316
25382,-0.0000421254,0.0001596154,0.0002788866,0.0003240823
25383,-0.0000487176,0.0001624569,0.0003007789,0.0003453022
25384,-0.0000550047,0.0001642498,0.0003211326,0.0003648694
25385,-0.0000602545,0.0001655308,0.0003382209,0.0003813455
25386,-0.0000536626,0.0001631087,0.0002946551,0.0003410362
25387,-0.0000510102,0.0001627940,0.0002974414,0.0003428926
25388,-0.0000612334,0.0001636965,0.0003136664,0.0003590720
25389,-0.0000573926,0.0001638685,0.0003158728,0.0003604475
25390,-0.0000624282,0.0001644612,0.0003310051,0.0003748455
25391,-0.0000461018,0.0001621801,0.0002733321,0.0003211513
25392,-0.0000439734,0.0001609188,0.0002762437,0.0003227059
25393,-0.0000431409,0.0001604489,0.0003040020,0.0003464422
25394,-0.0000451395,0.0001610390,0.0003045136,0.0003474186
25395,-0.0000469309,0.0001615612,0.0003034610,0.0003469771
25396,-0.0000380987,0.0001573174,0.0002776612,0.0003213969
25397,-0.0000360240,0.0001565000,0.0002759481,0.0003192763
25398,-0.0000403122,0.0001581458,0.0002790449,0.0003232665
25399,-0.0000581620,0.0001663736,0.0003493247,0.0003912681
25400,-0.0000518833,0.0001639689,0.0003281823,0.0003705149
25401,-0.0000566249,0.0001670455,0.0003525073,0.0003941725
25402,-0.0000499066,0.0001638099,0.0003287407,0.0003706680
25403,-0.0000594467,0.0001660259,0.0003447164,0.0003872053
25404,-0.0000531599,0.0001639755,0.0003242905,0.0003672578
25405,0.0000044420,0.0001305270,0.0000930413,0.0001603550
25406,-0.0000042465,0.0001368731,0.0001285966,0.0001878546
25407,-0.0000124871,0.0001425811,0.0001627804,0.0002167550
25408,-0.0000203746,0.0001478473,0.0001950910,0.0002456307
25409,-0.0000279889,0.0001522888,0.0002251181,0.0002732278
25410,-0.0000192645,0.0001497827,0.0001764272,0.0002322338
25411,-0.0000157656,0.0001458625,0.0001695077,0.0002241814
25412,-0.0000266732,0.0001540355,0.0002053060,0.0002580483
25413,-0.0000330211,0.0001570223,0.0002307167,0.0002810277
25414,-0.0000233031,0.0001508687,0.0002002829,0.0002518286
25415,-0.0000303244,0.0001550237,0.0002284121,0.0002777121
25416,-0.0000031672,0.0001384105,0.0001104734,0.0001771211
25417,-0.0000114427,0.0001443708,0.0001443042,0.0002044445
25418,0.0000005320,0.0001343196,0.0001024722,0.0001689455
25419,-0.0000076414,0.0001402385,0.0001363594,0.0001957527
25420,-0.0000097899,0.0001400846,0.0001577570,0.0002112032
25421,-0.0000071385,0.0001380418,0.0001530235,0.0002062103
25422,-0.0000038879,0.0001361184,0.0001455727,0.0001993357
25423,-0.0000150359,0.0001433444,0.0001853973,0.0002348315
25424,-0.0000228938,0.0001485903,0.0002177326,0.0002645954
25425,-0.0000176936,0.0001453369,0.0001902787,0.0002400872
25426,-0.0000255906,0.0001503370,0.0002221191,0.0002694309
25427,-0.0000121588,0.0001416245,0.0001795235,0.0002289847
25428,-0.0000204100,0.0001467670,0.0002128622,0.0002593597
25429,0.0000162789,0.0001218335,0.0000562326,0.0001351685
25430,0.0000085133,0.0001272756,0.0000883917,0.0001551923
25431,0.0000006115,0.0001327946,0.0001215352,0.0001800155
25432,-0.0000021014,0.0001348002,0.0001261529,0.0001846350
25433,0.0000111530,0.0001253739,0.0000710466,0.0001445359
25434,0.0000045936,0.0001300497,0.0000996160,0.0001638822
25435,0.0000129512,0.0001246577,0.0000756822,0.0001464072
25436,0.0000213551,0.0001189436,0.0000411858,0.0001276710
25437,0.0000044532,0.0001304865,0.0001108476,0.0001712710
25438,0.0000903668,0.0000454397,-0.0002518883,0.0002714381
25439,0.0000855772,0.0000518178,-0.0002385609,0.0002586887
25440,0.0000809722,0.0000576417,-0.0002219555,0.0002431940
25441,0.0000747375,0.0000641081,-0.0002034334,0.0002260104
25442,0.0000681793,0.0000714392,-0.0001809806,0.0002061698
25443,0.0000608877,0.0000795301,-0.0001545385,0.0001841589
25444,0.0000526757,0.0000876566,-0.0001247018,0.0001612729
25445,0.0000447892,0.0000959219,-0.0000939641,0.0001415498
25446,0.0000365117,0.0001040436,-0.0000619578,0.0001264790
25447,0.0000283028,0.0001119873,-0.0000279830,0.0001188497
25448,0.0000192213,0.0001204708,0.0000096381,0.0001223747
25449,0.0000102750,0.0001291166,0.0000458017,0.0001373844
25450,0.0000544537,0.0000837973,-0.0001388168,0.0001710477
25451,0.0000488174,0.0000878750,-0.0001243922,0.0001599331
25452,0.0000426694,0.0000931322,-0.0001107666,0.0001508759
25453,0.0000366306,0.0000991644,-0.0001002516,0.0001456906
25454,0.0000315257,0.0001060574,-0.0000927427,0.0001443719
25455,0.0000274487,0.0001124937,-0.0000894716,0.0001463333
25456,0.0000501962,0.0000836644,-0.0001369984,0.0001681902
25457,0.0000572063,0.0000744489,-0.0001603425,0.0001858088
25458,0.0000633276,0.0000660515,-0.0001799277,0.0002018593
25459,0.0000702457,0.0000574657,-0.0001975573,0.0002174067
25460,0.0000758518,0.0000490219,-0.0002123031,0.0002307147
25461,0.0000809770,0.0000413814,-0.0002233132,0.0002411193
25462,0.0000753790,0.0000600759,-0.0002077200,0.0002289950
25463,0.0000697173,0.0000627211,-0.0001943760,0.0002158158
25464,0.0000849844,0.0000467593,-0.0002371577,0.0002562275
25465,0.0000805776,0.0000472791,-0.0002243535,0.0002430279
25466,0.0000890739,0.0000412656,-0.0002475227,0.0002662790
25467,0.0000847825,0.0000412192,-0.0002348527,0.0002530669
25468,0.0000808497,0.0000532270,-0.0002245429,0.0002445185
25469,0.0000758693,0.0000548501,-0.0002109046,0.0002307497
25470,0.0000620630,0.0000755582,-0.0001650784,0.0001918639
25471,0.0000689369,0.0000672371,-0.0001879704,0.0002112013
25472,0.0000558617,0.0000793368,-0.0001496407,0.0001783457
25473,0.0000626862,0.0000708377,-0.0001739395,0.0001979962
25474,0.0000638102,0.0000611201,-0.0001836843,0.0002038316
25475,0.0000580171,0.0000651923,-0.0001713898,0.0001923291
25476,0.0000518004,0.0000716817,-0.0001597996,0.0001826402
25477,0.0000639567,0.0000558798,-0.0001843788,0.0002029989
25478,0.0000696578,0.0000467765,-0.0001966938,0.0002138427
25479,0.0000750760,0.0000390458,-0.0002057987,0.0002225176
25480,0.0000753062,0.0000440073,-0.0002089023,0.0002263798
25481,0.0000797406,0.0000366934,-0.0002173087,0.0002343673
25482,0.0000701732,0.0000524834,-0.0001981273,0.0002166408
25483,0.0000635568,0.0000516810,-0.0001842540,0.0002016430
25484,0.0000688545,0.0000433514,-0.0001931345,0.0002095739
25485,0.0000734434,0.0000354327,-0.0001988588,0.0002149285
25486,0.0000577716,0.0000612886,-0.0001731785,0.0001925737
25487,0.0000382727,0.0000945783,-0.0001154096,0.0001540430
25488,0.0000459427,0.0000833474,-0.0001366774,0.0001665480
25489,0.0000515483,0.0000743355,-0.0001543759,0.0001789271
25490,0.0000514302,0.0000786501,-0.0001477095,0.0001750685
25491,0.0000446935,0.0000882157,-0.0001250821,0.0001594524
25492,0.0000577967,0.0000695405,-0.0001668966,0.0001898179
25493,0.0000341379,0.0001016611,-0.0001119374,0.0001550173
25494,0.0000456456,0.0000824819,-0.0001440399,0.0001721461
25495,0.0000403688,0.0000915200,-0.0001292273,0.0001634174
25496,-0.0000001728,0.0001441981,0.0000563022,0.0001548000
25497,0.0000079152,0.0001353444,0.0000215676,0.0001372805
25498,0.0000164165,0.0001254158,-0.0000131453,0.0001271669
25499,0.0000256468,0.0001145589,-0.0000477421,0.0001267312
25500,0.0000342820,0.0001031441,-0.0000816335,0.0001359338
25501,0.0000193399,0.0001218489,-0.0000131256,0.0001240704
25502,0.0000232008,0.0001173693,-0.0000157509,0.0001206728
25503,0.0000113977,0.0001302265,0.0000195899,0.0001321840
25504,0.0000033414,0.0001385037,0.0000546925,0.0001489487
25505,0.0000148040,0.0001256221,0.0000163531,0.0001275441
25506,0.0000066401,0.0001335581,0.0000513205,0.0001432328
25507,0.0000332486,0.0001055635,-0.0000670900,0.0001294226
25508,0.0000390673,0.0001008881,-0.0000802808,0.0001347207
25509,0.0000267027,0.0001139059,-0.0000395427,0.0001234958
25510,0.0000315214,0.0001086356,-0.0000495741,0.0001235026
25511,0.0000409788,0.0000968582,-0.0000962095,0.0001425379
25512,0.0000471720,0.0000920073,-0.0001102748,0.0001511657
25513,0.0000047348,0.0001482486,-0.0000018927,0.0001483363
25514,0.0000082581,0.0001393572,-0.0000058971,0.0001397262
25515,0.0000122921,0.0001320479,-0.0000090783,0.0001329291
25516,0.0000007482,0.0001492422,0.0000252329,0.0001513621
25517,-0.0000063428,0.0001561697,0.0000560559,0.0001660466
25518,-0.0000037161,0.0001583202,0.0000344158,0.0001620603
25519,0.0000042132,0.0001419150,0.0000238083,0.0001439599
25520,-0.0000034157,0.0001501077,0.0000570408,0.0001606165
25521,0.0000239069,0.0001166829,-0.0000662751,0.0001363042
25522,0.0000157569,0.0001283955,-0.0000369343,0.0001345282
25523,0.0000195302,0.0001247652,-0.0000626687,0.0001409792
25524,0.0000123924,0.0001367260,-0.0000340552,0.0001414473
25525,0.0000285725,0.0001100300,-0.0000716255,0.0001343622
25526,0.0000203352,0.0001205682,-0.0000410775,0.0001289867
25527,0.0000860460,0.0000746380,-0.0002180808,0.0002460365
25528,0.0000801556,0.0000758494,-0.0001996470,0.0002281162
25529,0.0000743022,0.0000777869,-0.0001819128,0.0002113383
25530,0.0000684015,0.0000801864,-0.0001646110,0.0001954620
25531,0.0000626338,0.0000831595,-0.0001481383,0.0001810620
25532,0.0000570955,0.0000857796,-0.0001349701,0.0001698086
25533,0.0000808175,0.0000725685,-0.0002068513,0.0002336346
25534,0.0000868882,0.0000676505,-0.0002294883,0.0002545408
25535,0.0000923006,0.0000628137,-0.0002499394,0.0002737420
25536,0.0000970177,0.0000580973,-0.0002676656,0.0002905729
25537,0.0001018683,0.0000535773,-0.0002837231,0.0003061805
25538,0.0001054232,0.0000492274,-0.0002966925,0.0003186908
25539,0.0001040704,0.0000605266,-0.0002848576,0.0003092539
25540,0.0000982411,0.0000615354,-0.0002673491,0.0002913991
25541,0.0001127131,0.0000526268,-0.0003157009,0.0003393241
25542,0.0001068475,0.0000531839,-0.0002994199,0.0003223309
25543,0.0001159701,0.0000494651,-0.0003264871,0.0003499852
25544,0.0001108245,0.0000490295,-0.0003111080,0.0003338774
25545,0.0001085867,0.0000565378,-0.0003016705,0.0003255652
25546,0.0001029799,0.0000570879,-0.0002846134,0.0003080076
25547,0.0000928487,0.0000693989,-0.0002430591,0.0002692858
25548,0.0000986967,0.0000648851,-0.0002651611,0.0002902784
25549,0.0000866221,0.0000710882,-0.0002244843,0.0002508986
25550,0.0000925644,0.0000665063,-0.0002469690,0.0002720017
25551,0.0000809596,0.0000618911,-0.0002187663,0.0002413372
25552,0.0000862762,0.0000603454,-0.0002349002,0.0002574165
25553,0.0000915748,0.0000592205,-0.0002512579,0.0002739043
25554,0.0000811203,0.0000656663,-0.0002157025,0.0002396250
25555,0.0000750532,0.0000716814,-0.0001956363,0.0002214605
25556,0.0000695248,0.0000772643,-0.0001734116,0.0002021758
25557,0.0000686563,0.0000742553,-0.0001780837,0.0002047959
25558,0.0000639617,0.0000799336,-0.0001579174,0.0001881977
25559,0.0000748248,0.0000681748,-0.0001993296,0.0002235595
25560,0.0000812216,0.0000691483,-0.0002119981,0.0002373218
25561,0.0000867606,0.0000639207,-0.0002327978,0.0002565308
25562,0.0000750420,0.0000747098,-0.0001898097,0.0002173490
25563,0.0000987416,0.0000457172,-0.0002766027,0.0002972356
25564,0.0000949680,0.0000503471,-0.0002654664,0.0002864021
25565,0.0000908376,0.0000552737,-0.0002516610,0.0002732030
25566,0.0000902574,0.0000510368,-0.0002519587,0.0002724598
25567,0.0000946261,0.0000450372,-0.0002642171,0.0002842413
25568,0.0000859463,0.0000563788,-0.0002369657,0.0002582984
25569,0.0000997438,0.0000500711,-0.0002799837,0.0003014081
25570,0.0001033539,0.0000462686,-0.0002908213,0.0003120895
25571,0.0000962030,0.0000544329,-0.0002670868,0.0002890559
25572,0.0000272105,0.0001138119,0.0000054940,0.0001171484
25573,0.0000353830,0.0001074635,-0.0000282479,0.0001166117
25574,0.0000435653,0.0001012297,-0.0000614012,0.0001261567
25575,0.0000512475,0.0000954035,-0.0000936455,0.0001431699
25576,0.0000594366,0.0000892755,-0.0001248489,0.0001645906
25577,0.0000671106,0.0000837877,-0.0001544445,0.0001880886
25578,0.0000495606,0.0000983853,-0.0000796202,0.0001359238
25579,0.0000557275,0.0000956386,-0.0000983975,0.0001481026
25580,0.0000413154,0.0001042823,-0.0000458743,0.0001211867
25581,0.0000327819,0.0001101727,-0.0000116185,0.0001155321
25582,0.0000472582,0.0001012706,-0.0000645028,0.0001290337
25583,0.0000384835,0.0001071498,-0.0000296348,0.0001176448
25584,0.0000655861,0.0000869542,-0.0001430265,0.0001797752
25585,0.0000716688,0.0000845309,-0.0001613224,0.0001957213
25586,0.0000574110,0.0000925106,-0.0001117317,0.0001560071
25587,0.0000636832,0.0000898935,-0.0001306693,0.0001709118
25588,0.0000732739,0.0000809535,-0.0001725134,0.0002041651
25589,0.0000795350,0.0000793353,-0.0001916151,0.0002221177
25590,0.0000342680,0.0001071798,-0.0000446381,0.0001210552
25591,0.0000401411,0.0001022808,-0.0000600699,0.0001252241
25592,0.0000456080,0.0000986299,-0.0000763471,0.0001328037
25593,0.0000320366,0.0001091699,-0.0000279422,0.0001171545
25594,0.0000244353,0.0001153872,0.0000035268,0.0001179989
25595,0.0000166271,0.0001217912,0.0000365799,0.0001282483
25596,0.0000128633,0.0001255975,0.0000435409,0.0001335516
25597,0.0000265883,0.0001137399,-0.0000126673,0.0001174911
25598,0.0000197713,0.0001194531,0.0000163725,0.0001221802
25599,0.0000298056,0.0001113951,-0.0000115239,0.0001158880
25600,0.0000378072,0.0001047589,-0.0000441238,0.0001197945
25601,0.0000217046,0.0001177683,0.0000221018,0.0001217742
25602,0.0000551445,0.0000893853,-0.0001211156,0.0001603111
25603,0.0000473834,0.0000957568,-0.0000911626,0.0001404464
25604,0.0000501790,0.0000922333,-0.0001069700,0.0001498916
25605,0.0000422340,0.0000991398,-0.0000766087,0.0001322169
25606,0.0000611523,0.0000859843,-0.0001370041,0.0001729249
25607,0.0000531177,0.0000923072,-0.0001073595,0.0001512222
25608,-0.0000052789,0.0001381805,0.0001610609,0.0002122789
25609,-0.0000013813,0.0001368231,0.0001500232,0.0002030503
25610,0.0000025361,0.0001356959,0.0001387209,0.0001940703
25611,0.0000069385,0.0001348436,0.0001260858,0.0001847392
25612,0.0000115998,0.0001341087,0.0001120874,0.0001751664
25613,0.0000167073,0.0001334755,0.0000969398,0.0001658076
25614,0.0000223194,0.0001329525,0.0000799002,0.0001567117
25615,0.0000286160,0.0001324527,0.0000607372,0.0001484978
25616,0.0000354350,0.0001320634,0.0000398960,0.0001424362
25617,0.0000425529,0.0001320142,0.0000188851,0.0001399827
25618,0.0000503031,0.0001317279,-0.0000045620,0.0001410796
25619,0.0000591886,0.0001312803,-0.0000316592,0.0001474453
25620,0.0000678059,0.0001312913,-0.0000567666,0.0001582956
25621,-0.0000720586,0.0001764413,0.0004206800,0.0004618394
25622,-0.0000722889,0.0001785993,0.0004297587,0.0004709734
25623,-0.0000714341,0.0001810768,0.0004351471,0.0004767019
25624,-0.0000710385,0.0001832566,0.0004394964,0.0004814422
25625,-0.0000704737,0.0001857363,0.0004444089,0.0004867892
25626,-0.0000700451,0.0001882494,0.0004486814,0.0004915884
25627,-0.0000692933,0.0001910815,0.0004510802,0.0004947595
25628,-0.0000682784,0.0001937673,0.0004522977,0.0004967705
25629,-0.0000671937,0.0001963819,0.0004526855,0.0004980010
25630,-0.0000658917,0.0001994209,0.0004531509,0.0004994558
25631,-0.0000648048,0.0002021318,0.0004525608,0.0004998681
25632,-0.0000632412,0.0002052476,0.0004507771,0.0004993256
25633,-0.0000611193,0.0002080645,0.0004469167,0.0004967504
25634,-0.0000744738,0.0001941132,0.0004725696,0.0005162831
25635,-0.0000795078,0.0001970462,0.0004908851,0.0005348990
25636,-0.0000837373,0.0001998005,0.0005063485,0.0005507458
25637,-0.0000874794,0.0002011134,0.0005192874,0.0005637008
25638,-0.0000911231,0.0002024271,0.0005305880,0.0005751555
25639,-0.0000946381,0.0002029366,0.0005387605,0.0005834402
25640,-0.0000967563,0.0002032069,0.0005447009,0.0005893673
25641,-0.0000989411,0.0002028426,0.0005483592,0.0005929859
25642,-0.0001013854,0.0002016977,0.0005492877,0.0005938670
25643,-0.0001029184,0.0002003141,0.0005480464,0.0005925140
25644,-0.0000898971,0.0001742642,0.0004505658,0.0004913849
25645,-0.0000904439,0.0001790461,0.0004672381,0.0005084771
25646,-0.0000908174,0.0001839262,0.0004831014,0.0005248463
25647,-0.0000921422,0.0001882533,0.0004985680,0.0005408323
25648,-0.0000930740,0.0001931727,0.0005129982,0.0005560086
25649,-0.0000937230,0.0001980305,0.0005261237,0.0005699177
25650,-0.0000930810,0.0001821953,0.0004829074,0.0005244604
25651,-0.0000951003,0.0001801202,0.0004805988,0.0005219795
25652,-0.0000964196,0.0001779585,0.0004750560,0.0005163760
25653,-0.0000973627,0.0001745684,0.0004674446,0.0005083877
25654,-0.0000944634,0.0001668805,0.0004352605,0.0004756302
25655,-0.0000954207,0.0001723746,0.0004555521,0.0004963324
25656,-0.0000953723,0.0001629733,0.0004244191,0.0004645296
25657,-0.0000960694,0.0001686384,0.0004457887,0.0004862056
25658,-0.0000918195,0.0001717930,0.0004468739,0.0004874833
25659,-0.0000934433,0.0001705008,0.0004449651,0.0004855885
25660,-0.0000921198,0.0001768841,0.0004654345,0.0005063628
25661,-0.0000939818,0.0001752761,0.0004627706,0.0005036972
25662,-0.0000974997,0.0001970454,0.0005323501,0.0005759598
25663,-0.0000966291,0.0001911574,0.0005154122,0.0005581470
25664,-0.0000957891,0.0001856078,0.0004984448,0.0005404378
25665,-0.0000948473,0.0001924978,0.0005153607,0.0005582545
25666,-0.0000958147,0.0001978540,0.0005304849,0.0005742307
25667,-0.0000941549,0.0001872799,0.0004993517,0.0005415635
25668,-0.0000998381,0.0001870758,0.0005086622,0.0005510918
25669,-0.0000981859,0.0001896713,0.0005136616,0.0005562947
25670,-0.0001014538,0.0001936490,0.0005289693,0.0005723647
25671,-0.0000997426,0.0001956100,0.0005318079,0.0005753534
25672,-0.0000982122,0.0001809090,0.0004879004,0.0005295475
25673,-0.0000970399,0.0001833163,0.0004940178,0.0005357940
25674,-0.0000757849,0.0001825752,0.0004491259,0.0004907048
25675,-0.0000796941,0.0001837440,0.0004607384,0.0005023872
25676,-0.0000831664,0.0001848753,0.0004712608,0.0005130129
25677,-0.0000861824,0.0001848463,0.0004776457,0.0005193659
25678,-0.0000887010,0.0001845059,0.0004813883,0.0005231109
25679,-0.0000846066,0.0001773088,0.0004493198,0.0004903927
25680,-0.0000852967,0.0001808774,0.0004633267,0.0005046423
25681,-0.0000875650,0.0001763099,0.0004515781,0.0004926212
25682,-0.0000882610,0.0001800319,0.0004663164,0.0005075948
25683,-0.0000812435,0.0001778228,0.0004438066,0.0004849595
25684,-0.0000796675,0.0001805981,0.0004512557,0.0004925386
25685,-0.0000829633,0.0001819092,0.0004615037,0.0005029508
25686,-0.0000770273,0.0001770544,0.0004331294,0.0004742178
25687,-0.0000762074,0.0001798319,0.0004408839,0.0004822092
25688,-0.0000837143,0.0001955522,0.0004984517,0.0005419435
25689,-0.0000834695,0.0001919152,0.0004899786,0.0005328017
25690,-0.0000831174,0.0001884933,0.0004805641,0.0005228576
25691,-0.0000792617,0.0001904571,0.0004773943,0.0005200593
25692,-0.0000749115,0.0001885362,0.0004619701,0.0005045533
25693,-0.0000793103,0.0001938796,0.0004842045,0.0005275731
25694,-0.0000746661,0.0001910353,0.0004671480,0.0005101929
25695,-0.0000795304,0.0001869800,0.0004694742,0.0005115590
25696,-0.0000755755,0.0001854432,0.0004561998,0.0004982159
25697,-0.0000899903,0.0001932396,0.0005076007,0.0005505436
25698,-0.0000865896,0.0001929289,0.0005001694,0.0005430366
25699,-0.0000906336,0.0001977853,0.0005196357,0.0005633424
25700,-0.0000869976,0.0001970907,0.0005101332,0.0005537591
25701,-0.0000897466,0.0001888505,0.0004956177,0.0005379181
25702,-0.0000864470,0.0001889488,0.0004897642,0.0005320185
25703,-0.0000949302,0.0002082342,0.0005503869,0.0005960696
25704,-0.0000959351,0.0002133930,0.0005622736,0.0006090088
25705,-0.0000974208,0.0002180480,0.0005733485,0.0006210992
25706,-0.0000979876,0.0002237792,0.0005834769,0.0006325536
25707,-0.0000985899,0.0002291192,0.0005925738,0.0006429302
25708,-0.0000991036,0.0002345410,0.0006003631,0.0006521249
25709,-0.0001005868,0.0002199445,0.0005836366,0.0006317634
25710,-0.0001029432,0.0002207560,0.0005915869,0.0006397700
25711,-0.0001058221,0.0002204921,0.0005975111,0.0006456273
25712,-0.0001079193,0.0002208658,0.0006016992,0.0006499771
25713,-0.0001019170,0.0002142597,0.0005777290,0.0006245519
25714,-0.0001004422,0.0002085033,0.0005632496,0.0006089437
25715,-0.0000992977,0.0002142181,0.0005711647,0.0006180441
25716,-0.0000979826,0.0002087852,0.0005585166,0.0006042621
25717,-0.0001066868,0.0002133003,0.0005840421,0.0006308600
25718,-0.0001041568,0.0002143605,0.0005822854,0.0006291704
25719,-0.0001046427,0.0002066231,0.0005661270,0.0006116723
25720,-0.0001028687,0.0002079107,0.0005661697,0.0006118472
25721,-0.0001071433,0.0002385389,0.0006280159,0.0006802826
25722,-0.0001058596,0.0002324816,0.0006167257,0.0006675362
25723,-0.0001047059,0.0002264510,0.0006046265,0.0006540768
25724,-0.0001023852,0.0002309142,0.0006052261,0.0006558221
25725,-0.0001032216,0.0002367736,0.0006152988,0.0006673148
25726,-0.0001016717,0.0002252076,0.0005950787,0.0006443402
25727,-0.0001116755,0.0002339953,0.0006324396,0.0006835239
25728,-0.0001088973,0.0002336010,0.0006257254,0.0006767277
25729,-0.0001133791,0.0002408550,0.0006466528,0.0006993038
25730,-0.0001104519,0.0002398616,0.0006385898,0.0006910356
25731,-0.0001101544,0.0002268730,0.0006173258,0.0006668557
25732,-0.0001075018,0.0002272026,0.0006120530,0.0006616544
25733,-0.0000717132,0.0002030401,0.0004756811,0.0005221499
25734,-0.0000768332,0.0002064834,0.0004966119,0.0005432882
25735,-0.0000815815,0.0002095625,0.0005157049,0.0005626042
25736,-0.0000862135,0.0002128388,0.0005331044,0.0005804597
25737,-0.0000895857,0.0002148216,0.0005472134,0.0005946566
25738,-0.0000937396,0.0002165377,0.0005608212,0.0006084374
25739,-0.0000841184,0.0002029488,0.0005136171,0.0005586293
25740,-0.0000849071,0.0002078628,0.0005235184,0.0005696382
25741,-0.0000884786,0.0002054821,0.0005286341,0.0005740256
25742,-0.0000916523,0.0002070466,0.0005409189,0.0005863973
25743,-0.0000893628,0.0002095880,0.0005378535,0.0005841226
25744,-0.0000927030,0.0002117759,0.0005513326,0.0005978382
25745,-0.0000795542,0.0002007186,0.0004967387,0.0005416328
25746,-0.0000770833,0.0002031652,0.0004942578,0.0005399154
25747,-0.0000817968,0.0002066910,0.0005122582,0.0005584087
25748,-0.0000738134,0.0001971291,0.0004745883,0.0005191747
25749,-0.0000722607,0.0002000918,0.0004746623,0.0005201564
25750,-0.0000796214,0.0002210994,0.0005226574,0.0005730578
25751,-0.0000804984,0.0002173389,0.0005215593,0.0005707366
25752,-0.0000810350,0.0002136079,0.0005190753,0.0005671280
25753,-0.0000752406,0.0002134841,0.0004992258,0.0005481450
25754,-0.0000694995,0.0002094832,0.0004753791,0.0005241171
25755,-0.0000738520,0.0002170428,0.0004988957,0.0005490524
25756,-0.0000677013,0.0002126778,0.0004736772,0.0005236272
25757,-0.0000760385,0.0002101227,0.0004984423,0.0005462400
25758,-0.0000707776,0.0002063001,0.0004761383,0.0005237145
25759,-0.0000945668,0.0002268912,0.0005774951,0.0006276329
25760,-0.0000904210,0.0002241852,0.0005603061,0.0006102278
25761,-0.0000855814,0.0002208006,0.0005420632,0.0005915315
25762,-0.0000900370,0.0002284619,0.0005650899,0.0006161396
25763,-0.0000947880,0.0002317788,0.0005835860,0.0006350424
25764,-0.0000850319,0.0002249331,0.0005447829,0.0005954946
25765,-0.0000902568,0.0002195889,0.0005550391,0.0006036837
25766,-0.0000944923,0.0002216236,0.0005698735,0.0006187096
25767,-0.0000859051,0.0002168055,0.0005378959,0.0005862732
25768,0.0000132129,0.0001384265,0.0001164804,0.0001813950
25769,0.0000042488,0.0001438336,0.0001524473,0.0002096338
25770,-0.0000046109,0.0001491916,0.0001885166,0.0002404536
25771,-0.0000131922,0.0001546387,0.0002231171,0.0002717874
25772,-0.0000214433,0.0001598143,0.0002565964,0.0003030547
25773,-0.0000294366,0.0001647529,0.0002884978,0.0003335281
25774,-0.0000368359,0.0001697727,0.0003194684,0.0003636478
25775,-0.0000440696,0.0001748119,0.0003497331,0.0003934648
25776,-0.0000507497,0.0001794332,0.0003776323,0.0004211626
25777,-0.0000573949,0.0001834730,0.0004042467,0.0004476292
25778,-0.0000635042,0.0001872201,0.0004285858,0.0004719851
25779,-0.0000458815,0.0001641057,0.0003274934,0.0003691717
25780,-0.0000439948,0.0001640130,0.0003251748,0.0003668439
25781,-0.0000416155,0.0001641333,0.0003204701,0.0003624537
25782,-0.0000386734,0.0001639337,0.0003129152,0.0003553671
25783,-0.0000356584,0.0001640286,0.0003057121,0.0003487646
25784,-0.0000328552,0.0001643205,0.0002976308,0.0003415623
25785,-0.0000487864,0.0001685861,0.0003496290,0.0003912056
25786,-0.0000553761,0.0001722894,0.0003748059,0.0004162087
25787,-0.0000611040,0.0001757728,0.0003975330,0.0004389331
25788,-0.0000665115,0.0001787723,0.0004173373,0.0004588613
25789,-0.0000585734,0.0001707180,0.0003743200,0.0004155610
25790,-0.0000568814,0.0001712744,0.0003745917,0.0004157997
25791,-0.0000638047,0.0001732549,0.0003937823,0.0004349170
25792,-0.0000682508,0.0001752494,0.0004101919,0.0004512515
25793,-0.0000622050,0.0001745717,0.0003955148,0.0004367799
25794,-0.0000672216,0.0001770614,0.0004140486,0.0004553084
25795,-0.0000527585,0.0001674217,0.0003524575,0.0003937509
25796,-0.0000506657,0.0001680726,0.0003513583,0.0003927697
25797,-0.0000605224,0.0001774944,0.0004006452,0.0004423616
25798,-0.0000597927,0.0001795737,0.0004036440,0.0004458143
25799,-0.0000587961,0.0001813683,0.0004049006,0.0004475444
25800,-0.0000651419,0.0001828534,0.0004245200,0.0004667934
25801,-0.0000659454,0.0001805169,0.0004211425,0.0004629213
25802,-0.0000645861,0.0001851085,0.0004272015,0.0004700401
25803,-0.0000422350,0.0001686427,0.0003329924,0.0003756435
25804,-0.0000481976,0.0001725894,0.0003582305,0.0004005486
25805,-0.0000544042,0.0001763203,0.0003825650,0.0004247407
25806,-0.0000551201,0.0001739769,0.0003790977,0.0004207390
25807,-0.0000447510,0.0001680140,0.0003385020,0.0003805457
25808,-0.0000501614,0.0001715897,0.0003608871,0.0004027390
25809,-0.0000461716,0.0001737468,0.0003544786,0.0003974605
25810,-0.0000397784,0.0001691171,0.0003270260,0.0003703092
25811,-0.0000528119,0.0001777247,0.0003806879,0.0004234365
25812,-0.0000054944,0.0001408274,0.0001719145,0.0002222997
25813,-0.0000133839,0.0001458373,0.0002040773,0.0002511875
25814,-0.0000206379,0.0001507054,0.0002346062,0.0002796035
25815,-0.0000279654,0.0001554379,0.0002646058,0.0003081545
25816,-0.0000348780,0.0001596966,0.0002922709,0.0003348757
25817,-0.0000312750,0.0001549654,0.0002676497,0.0003108516
25818,-0.0000299412,0.0001552315,0.0002674126,0.0003106490
25819,-0.0000389406,0.0001596408,0.0002989055,0.0003410954
25820,-0.0000369156,0.0001597259,0.0002961758,0.0003385192
25821,-0.0000227633,0.0001497497,0.0002336013,0.0002784110
25822,-0.0000172018,0.0001469737,0.0002150805,0.0002610686
25823,-0.0000237641,0.0001515813,0.0002433478,0.0002876800
25824,-0.0000137772,0.0001438912,0.0001965361,0.0002439691
25825,-0.0000094144,0.0001420127,0.0001831751,0.0002319684
25826,-0.0000090397,0.0001491666,0.0002011193,0.0002505621
25827,-0.0000131666,0.0001496778,0.0002134547,0.0002610359
25828,-0.0000170613,0.0001501326,0.0002247352,0.0002708077
25829,-0.0000050426,0.0001444798,0.0001803268,0.0002311225
25830,0.0000032243,0.0001392676,0.0001463549,0.0002020535
25831,-0.0000005160,0.0001440576,0.0001667719,0.0002203763
25832,0.0000080818,0.0001387664,0.0001319967,0.0001916887
25833,-0.0000093028,0.0001450405,0.0001926067,0.0002412895
25834,-0.0000013552,0.0001399971,0.0001598299,0.0002124773
25835,-0.0000288611,0.0001593590,0.0002764693,0.0003204115
25836,-0.0000212376,0.0001545798,0.0002456912,0.0002910501
25837,-0.0000250813,0.0001595717,0.0002668335,0.0003119172
25838,-0.0000173449,0.0001543941,0.0002345415,0.0002813327
25839,-0.0000320344,0.0001595692,0.0002853659,0.0003285152
25840,-0.0000247278,0.0001549734,0.0002558838,0.0003001746
25841,-0.0000257418,0.0001655804,0.0002792563,0.0003256740
25842,-0.0000222388,0.0001665660,0.0002698735,0.0003179159
25843,-0.0000186022,0.0001676825,0.0002601217,0.0003100432
25844,-0.0000143321,0.0001692511,0.0002496961,0.0003019925
25845,-0.0000099576,0.0001705559,0.0002378436,0.0002928448
25846,-0.0000052434,0.0001718873,0.0002251080,0.0002832778
25847,-0.0000265156,0.0001727699,0.0002922163,0.0003405039
25848,-0.0000338782,0.0001777606,0.0003225716,0.0003698635
25849,-0.0000410302,0.0001825466,0.0003516137,0.0003982950
25850,-0.0000476923,0.0001871507,0.0003789562,0.0004253325
25851,-0.0000542995,0.0001915476,0.0004057329,0.0004519492
25852,-0.0000599290,0.0001952060,0.0004293330,0.0004754195
25853,-0.0000485629,0.0001810427,0.0003735996,0.0004179851
25854,-0.0000442468,0.0001809479,0.0003594234,0.0004048272
25855,-0.0000620219,0.0001897180,0.0004284639,0.0004726742
25856,-0.0000610367,0.0001925357,0.0004290241,0.0004741910
25857,-0.0000556776,0.0001856395,0.0004023915,0.0004466329
25858,-0.0000550479,0.0001884510,0.0004045058,0.0004496321
25859,-0.0000498988,0.0001856845,0.0003842229,0.0004296462
25860,-0.0000334692,0.0001706072,0.0003108073,0.0003561294
25861,-0.0000411057,0.0001756498,0.0003417139,0.0003864077
25862,-0.0000300091,0.0001714696,0.0003012339,0.0003479141
25863,-0.0000373211,0.0001762199,0.0003312912,0.0003770943
25864,-0.0000309482,0.0001881133,0.0003265169,0.0003780974
25865,-0.0000346474,0.0001863300,0.0003361633,0.0003859081
25866,-0.0000379408,0.0001843829,0.0003443442,0.0003924404
25867,-0.0000266592,0.0001811871,0.0003043775,0.0003552255
25868,-0.0000184417,0.0001758601,0.0002716732,0.0003241500
25869,-0.0000226500,0.0001827255,0.0002936505,0.0003466010
25870,-0.0000140949,0.0001773296,0.0002597533,0.0003148273
25871,-0.0000304698,0.0001795713,0.0003141754,0.0003631535
25872,-0.0000225408,0.0001743550,0.0002823837,0.0003326384
25873,-0.0000564646,0.0002005806,0.0004237567,0.0004722188
25874,-0.0000496956,0.0001960981,0.0003958927,0.0004445842
25875,-0.0000421345,0.0001912621,0.0003662568,0.0004153318
25876,-0.0000467877,0.0001984703,0.0003890060,0.0004392097
25877,-0.0000540308,0.0002032739,0.0004188243,0.0004686719
25878,-0.0000388780,0.0001934896,0.0003585416,0.0004092698
25879,-0.0000520083,0.0001939946,0.0004014572,0.0004488949
25880,-0.0000584952,0.0001982989,0.0004279514,0.0004752752
25881,-0.0000451573,0.0001890460,0.0003732797,0.0004208507
25882,0.0000332863,0.0001371112,0.0000549578,0.0001514193
25883,0.0000239971,0.0001422167,0.0000913136,0.0001707033
25884,0.0000153527,0.0001474660,0.0001258417,0.0001944687
25885,0.0000064455,0.0001526275,0.0001609349,0.0002218935
25886,-0.0000018677,0.0001574625,0.0001937743,0.0002496926
25887,-0.0000103542,0.0001626076,0.0002270284,0.0002794465
25888,-0.0000001560,0.0001495162,0.0001760455,0.0002309700
25889,0.0000027965,0.0001510982,0.0001695750,0.0002271435
25890,-0.0000092351,0.0001551394,0.0002121874,0.0002630153
25891,-0.0000178132,0.0001604088,0.0002463432,0.0002945051
25892,-0.0000056617,0.0001561201,0.0002031136,0.0002562434
25893,-0.0000141838,0.0001613590,0.0002368386,0.0002869328
25894,0.0000094091,0.0001439355,0.0001372618,0.0001991149
25895,0.0000175886,0.0001421441,0.0001102268,0.0001807326
25896,0.0000102610,0.0001471985,0.0001406112,0.0002038239
25897,0.0000193249,0.0001378879,0.0000978449,0.0001701768
25898,0.0000264986,0.0001370572,0.0000753789,0.0001586469
25899,0.0000114952,0.0001535224,0.0001468384,0.0002127505
25900,0.0000168242,0.0001544837,0.0001323727,0.0002041343
25901,0.0000222312,0.0001556489,0.0001174495,0.0001962529
25902,0.0000075121,0.0001598697,0.0001683173,0.0002322616
25903,-0.0000013529,0.0001652905,0.0002034944,0.0002621693
25904,0.0000025266,0.0001587188,0.0001820687,0.0002415513
25905,-0.0000060979,0.0001639351,0.0002160126,0.0002712441
25906,0.0000129222,0.0001609924,0.0001536135,0.0002228961
25907,0.0000037747,0.0001663990,0.0001896979,0.0002523651
25908,0.0000302209,0.0001426348,0.0000735805,0.0001633159
25909,0.0000349648,0.0001442773,0.0000616793,0.0001607570
25910,0.0000406245,0.0001457514,0.0000472199,0.0001585040
25911,0.0000260175,0.0001492035,0.0000964768,0.0001795728
25912,0.0000207020,0.0001480756,0.0001105617,0.0001859539
25913,0.0000314697,0.0001505031,0.0000817041,0.0001741180
25914,0.0000503360,0.0001359340,0.0000021889,0.0001449709
25915,0.0000431602,0.0001405968,0.0000312739,0.0001503606
25916,0.0000404902,0.0001373387,0.0000341681,0.0001472034
25917,0.0000586340,0.0001359600,-0.0000220570,0.0001496983
25918,0.0000498985,0.0001408340,0.0000115780,0.0001498603
25919,0.0000762055,0.0000864211,-0.0001685377,0.0002041589
25920,0.0000827703,0.0000850275,-0.0001879911,0.0002223089
25921,0.0000897207,0.0000839370,-0.0002089247,0.0002423731
25922,0.0000967454,0.0000828965,-0.0002313540,0.0002641139
25923,0.0001043192,0.0000819711,-0.0002543814,0.0002869001
25924,0.0001122909,0.0000813448,-0.0002786103,0.0003112072
25925,0.0001208887,0.0000810565,-0.0003036847,0.0003367620
25926,0.0001294273,0.0000809937,-0.0003292983,0.0003629721
25927,0.0001385184,0.0000808407,-0.0003553678,0.0003898831
25928,0.0001480356,0.0000813239,-0.0003817561,0.0004174516
25929,0.0001572271,0.0000816834,-0.0004085078,0.0004452765
25930,0.0001674201,0.0000818195,-0.0004372902,0.0004753384
25931,0.0001772973,0.0000826211,-0.0004650347,0.0005044976
25932,0.0001134298,0.0000846161,-0.0002763535,0.0003104794
25933,0.0001063740,0.0000881715,-0.0002481839,0.0002840508
25934,0.0000988298,0.0000920745,-0.0002184636,0.0002568490
25935,0.0000907556,0.0000960333,-0.0001881573,0.0002299177
25936,0.0000820579,0.0001001475,-0.0001556132,0.0002024314
25937,0.0000738502,0.0001044788,-0.0001232691,0.0001776653
25938,0.0000655363,0.0001089023,-0.0000905561,0.0001560613
25939,0.0000571679,0.0001133694,-0.0000579100,0.0001395506
25940,0.0000487283,0.0001180400,-0.0000243298,0.0001299993
25941,0.0000398782,0.0001229624,0.0000099225,0.0001296475
25942,0.0000312093,0.0001278068,0.0000444151,0.0001388571
25943,0.0000331723,0.0001132985,0.0000030067,0.0001180931
25944,0.0000387804,0.0001114165,-0.0000142196,0.0001188265
25945,0.0000445215,0.0001099487,-0.0000314569,0.0001227209
25946,0.0000511430,0.0001082708,-0.0000521736,0.0001306149
25947,0.0000589060,0.0001064773,-0.0000772064,0.0001441117
25948,0.0000663849,0.0001051984,-0.0001004346,0.0001598773
25949,0.0000361311,0.0001150063,0.0000021807,0.0001205681
25950,0.0000276580,0.0001201964,0.0000366550,0.0001286690
25951,0.0000191092,0.0001254174,0.0000712656,0.0001455111
25952,0.0000107281,0.0001306196,0.0001054168,0.0001681942
25953,0.0000112031,0.0001274807,0.0000929028,0.0001581384
25954,0.0000145646,0.0001266824,0.0000847218,0.0001530959
25955,0.0000031084,0.0001327406,0.0001264375,0.0001833471
25956,0.0000067498,0.0001316337,0.0001166899,0.0001760384
25957,0.0000251890,0.0001184140,0.0000358558,0.0001262616
25958,0.0000183174,0.0001231405,0.0000648810,0.0001403875
25959,0.0000306522,0.0001164689,0.0000188379,0.0001218992
25960,0.0000227890,0.0001214790,0.0000511379,0.0001337594
25961,0.0000239246,0.0001244217,0.0000569112,0.0001388958
25962,0.0000287689,0.0001237342,0.0000430663,0.0001341361
25963,0.0000339069,0.0001233351,0.0000278121,0.0001308997
25964,0.0000201594,0.0001288906,0.0000774901,0.0001517363
25965,0.0000153025,0.0001296487,0.0000917492,0.0001595646
25966,0.0000253922,0.0001282833,0.0000618790,0.0001446734
25967,0.0000510115,0.0001109349,-0.0000459921,0.0001304760
25968,0.0000443965,0.0001151614,-0.0000187324,0.0001248363
25969,0.0000369536,0.0001190076,0.0000098794,0.0001250039
25970,0.0000328232,0.0001190639,0.0000210710,0.0001252899
25971,0.0000422305,0.0001137517,-0.0000161889,0.0001224130
25972,0.0000505438,0.0001140850,-0.0000378198,0.0001303856
25973,0.0000583724,0.0001096535,-0.0000686692,0.0001419390
25974,0.0000420904,0.0001188861,-0.0000046827,0.0001262040
25975,0.0000826173,0.0000877573,-0.0001819908,0.0002182833
25976,0.0000753527,0.0000918651,-0.0001541353,0.0001946148
25977,0.0000683988,0.0000960391,-0.0001262580,0.0001727512
25978,0.0000605794,0.0001006515,-0.0000955555,0.0001514313
25979,0.0000527659,0.0001050495,-0.0000644475,0.0001340638
25980,0.0000504084,0.0001022250,-0.0000665251,0.0001319718
25981,0.0000550035,0.0001015559,-0.0000793511,0.0001401270
25982,0.0000416584,0.0001079834,-0.0000313351,0.0001199072
25983,0.0000470780,0.0001063910,-0.0000472219,0.0001255599
25984,0.0000597986,0.0000967750,-0.0001031718,0.0001535764
25985,0.0000683267,0.0000935312,-0.0001319199,0.0001755548
25986,0.0000621829,0.0000975876,-0.0001066563,0.0001573709
25987,0.0000682605,0.0000909942,-0.0001377358,0.0001786354
25988,0.0000754171,0.0000891668,-0.0001606641,0.0001986238
25989,0.0000904986,0.0000927517,-0.0001939332,0.0002332445
25990,0.0000825099,0.0000934835,-0.0001700451,0.0002108610
25991,0.0000750474,0.0000945483,-0.0001472882,0.0001904345
25992,0.0000901622,0.0000896798,-0.0001989810,0.0002361465
25993,0.0000974161,0.0000856236,-0.0002272440,0.0002616508
25994,0.0000981782,0.0000888032,-0.0002229287,0.0002592723
25995,0.0001052379,0.0000852660,-0.0002512946,0.0002854720
25996,0.0000826066,0.0000905212,-0.0001762228,0.0002146448
25997,0.0000900017,0.0000865751,-0.0002042537,0.0002394058
25998,0.0000669272,0.0001019534,-0.0001088575,0.0001634738
25999,0.0000748304,0.0000978027,-0.0001398020,0.0001863050
26000,0.0000743328,0.0001009179,-0.0001322164,0.0001821839
26001,0.0000825435,0.0000967291,-0.0001637054,0.0002072907
26002,0.0000594106,0.0001036176,-0.0000853004,0.0001467733
26003,0.0000674583,0.0000988568,-0.0001169634,0.0001673431
26004,0.0000813491,0.0001042833,-0.0001455244,0.0001966470
26005,0.0000885995,0.0001042866,-0.0001661165,0.0002152214
26006,0.0000961218,0.0001045083,-0.0001874349,0.0002351452
26007,0.0001044699,0.0001050803,-0.0002105899,0.0002574955
26008,0.0001131509,0.0001053173,-0.0002351305,0.0002813916
26009,0.0001219788,0.0001059667,-0.0002600897,0.0003061934
26010,0.0000878496,0.0001086472,-0.0001555987,0.0002091237
26011,0.0000790664,0.0001129594,-0.0001224644,0.0001844149
26012,0.0000701954,0.0001173600,-0.0000881545,0.0001627021
26013,0.0000610847,0.0001221113,-0.0000533263,0.0001465818
26014,0.0000518959,0.0001268727,-0.0000175803,0.0001381989
26015,0.0000625071,0.0001173715,-0.0000659711,0.0001484433
26016,0.0000554412,0.0001175169,-0.0000447654,0.0001374333
26017,0.0000715176,0.0001127779,-0.0001002689,0.0001669954
26018,0.0000800545,0.0001084780,-0.0001335800,0.0001897889
26019,0.0000641513,0.0001129421,-0.0000788066,0.0001519269
26020,0.0000728408,0.0001085209,-0.0001122791,0.0001723054
26021,0.0000445184,0.0001269929,0.0000043596,0.0001346406
26022,0.0000536405,0.0001220264,-0.0000310517,0.0001368647
26023,0.0000376384,0.0001274309,0.0000250483,0.0001352135
26024,0.0000466484,0.0001223386,-0.0000100830,0.0001313182
26025,0.0000955997,0.0001177712,-0.0001614215,0.0002215090
26026,0.0000867468,0.0001175937,-0.0001360703,0.0001996708
26027,0.0000781875,0.0001175235,-0.0001114765,0.0001798668
26028,0.0000957545,0.0001133871,-0.0001699236,0.0002256093
26029,0.0001046398,0.0001092028,-0.0002027991,0.0002529866
26030,0.0001048243,0.0001134426,-0.0001952559,0.0002489623
26031,0.0001135990,0.0001095886,-0.0002279336,0.0002772510
26032,0.0000871408,0.0001130192,-0.0001455998,0.0002038778
26033,0.0000958764,0.0001089257,-0.0001786898,0.0002301893
26034,0.0000683435,0.0001266217,-0.0000664703,0.0001584998
26035,0.0000775500,0.0001220908,-0.0001013782,0.0001766288
26036,0.0000771135,0.0001266778,-0.0000918534,0.0001744443
26037,0.0000864895,0.0001221070,-0.0001268784,0.0001961853
26038,0.0000598098,0.0001268168,-0.0000412638,0.0001461589
26039,0.0000690630,0.0001219300,-0.0000767973,0.0001597950
26040,0.0001410089,0.0000842588,-0.0003565431,0.0003925634
26041,0.0001336629,0.0000874842,-0.0003293458,0.0003660436
26042,0.0001262187,0.0000908770,-0.0003017714,0.0003394934
26043,0.0001191625,0.0000939493,-0.0002741745,0.0003133653
26044,0.0001120532,0.0000975544,-0.0002474310,0.0002886085
26045,0.0001043656,0.0001010381,-0.0002177163,0.0002617275
26046,0.0001076228,0.0000913767,-0.0002449951,0.0002827631
26047,0.0001171700,0.0000908455,-0.0002744255,0.0003119152
26048,0.0000899633,0.0000997145,-0.0001787382,0.0002235704
26049,0.0000966169,0.0001002656,-0.0001966464,0.0002409519
26050,0.0000992682,0.0000954143,-0.0002134310,0.0002539899
26051,0.0001099937,0.0000941048,-0.0002470755,0.0002863575
26052,0.0001040860,0.0000972925,-0.0002241533,0.0002656020
26053,0.0001222999,0.0000840593,-0.0003024973,0.0003369390
26054,0.0001150522,0.0000877853,-0.0002747433,0.0003105272
26055,0.0001315209,0.0000840939,-0.0003296165,0.0003647144
26056,0.0001241966,0.0000876081,-0.0003023545,0.0003384054
26057,0.0001280814,0.0000942907,-0.0002997316,0.0003393150
26058,0.0001368443,0.0000952660,-0.0003241826,0.0003645495
26059,0.0001459277,0.0000959839,-0.0003487506,0.0003900446
26060,0.0001293512,0.0000983739,-0.0002956352,0.0003373563
26061,0.0001212938,0.0001017385,-0.0002661687,0.0003096913
26062,0.0001205894,0.0000977211,-0.0002714528,0.0003126945
26063,0.0001127160,0.0001013870,-0.0002417953,0.0002853930
26064,0.0001381092,0.0000992888,-0.0003204649,0.0003628087
26065,0.0001301678,0.0001025590,-0.0002909085,0.0003347981
26066,0.0001429023,0.0000878986,-0.0003550788,0.0003927190
26067,0.0001508585,0.0000889197,-0.0003764538,0.0004151897
26068,0.0001601668,0.0000903018,-0.0004000127,0.0004402477
26069,0.0001439495,0.0000919142,-0.0003508937,0.0003902513
26070,0.0001353077,0.0000911341,-0.0003274781,0.0003658627
26071,0.0001529408,0.0000928163,-0.0003750989,0.0004155778
26072,0.0001615716,0.0000844340,-0.0004162005,0.0004543757
26073,0.0001576742,0.0000869755,-0.0003997097,0.0004383991
26074,0.0001508144,0.0000847855,-0.0003837565,0.0004209544
26075,0.0001717548,0.0000849980,-0.0004440889,0.0004836728
26076,0.0001663281,0.0000878844,-0.0004239847,0.0004638445
26077,0.0001556774,0.0000625994,-0.0004334725,0.0004648145
26078,0.0001510867,0.0000653590,-0.0004169115,0.0004482345
26079,0.0001458157,0.0000680971,-0.0003985371,0.0004298037
26080,0.0001405983,0.0000712416,-0.0003777728,0.0004093355
26081,0.0001344369,0.0000744900,-0.0003544154,0.0003863060
26082,0.0001276104,0.0000776822,-0.0003294986,0.0003617848
26083,0.0001377227,0.0000680823,-0.0003744794,0.0004047685
26084,0.0001295151,0.0000680296,-0.0003502745,0.0003795977
26085,0.0001216436,0.0000687962,-0.0003267602,0.0003553903
26086,0.0001141809,0.0000692302,-0.0003036811,0.0003317413
26087,0.0001071762,0.0000699364,-0.0002822071,0.0003098688
26088,0.0001001709,0.0000711089,-0.0002605695,0.0002880749
26089,0.0001270282,0.0000657371,-0.0003462866,0.0003746624
26090,0.0001317185,0.0000623916,-0.0003639673,0.0003920647
26091,0.0001359227,0.0000596740,-0.0003788190,0.0004068658
26092,0.0001394321,0.0000568903,-0.0003911096,0.0004190996
26093,0.0001474707,0.0000624801,-0.0004097405,0.0004399303
26094,0.0001393903,0.0000625515,-0.0003861622,0.0004152873
26095,0.0001514977,0.0000598329,-0.0004238454,0.0004540666
26096,0.0001433702,0.0000599593,-0.0004000711,0.0004291935
26097,0.0001458490,0.0000574410,-0.0004103782,0.0004392968
26098,0.0001427173,0.0000649472,-0.0003931253,0.0004232421
26099,0.0001348281,0.0000651674,-0.0003696581,0.0003988390
26100,0.0001287304,0.0000596136,-0.0003579938,0.0003850778
26101,0.0001219583,0.0000596918,-0.0003386145,0.0003648242
26102,0.0001161068,0.0000596614,-0.0003208350,0.0003463746
26103,0.0001261050,0.0000566886,-0.0003530075,0.0003791178
26104,0.0001292797,0.0000533820,-0.0003643525,0.0003902763
26105,0.0001324191,0.0000566655,-0.0003710934,0.0003980655
26106,0.0001354336,0.0000539747,-0.0003815995,0.0004085018
26107,0.0001202271,0.0000561805,-0.0003360445,0.0003612986
26108,0.0001235216,0.0000527540,-0.0003486692,0.0003736453
26109,0.0001126801,0.0000661463,-0.0003031620,0.0003301202
26110,0.0001176446,0.0000627891,-0.0003220494,0.0003485664
26111,0.0001195697,0.0000661224,-0.0003242821,0.0003518920
26112,0.0001245042,0.0000629936,-0.0003426019,0.0003699264
26113,0.0001060385,0.0000672715,-0.0002828207,0.0003094466
26114,0.0001109602,0.0000634904,-0.0003026235,0.0003285181
26115,0.0001037636,0.0000791022,-0.0002576324,0.0002887880
26116,0.0001101357,0.0000756458,-0.0002819259,0.0003119845
26117,0.0001162486,0.0000721414,-0.0003055477,0.0003347798
26118,0.0001179699,0.0000752039,-0.0003058176,0.0003362988
26119,0.0001260848,0.0000746208,-0.0003298063,0.0003608848
26120,0.0001113155,0.0000785719,-0.0002808543,0.0003121599
26121,0.0001194165,0.0000779810,-0.0003050152,0.0003367129
26122,0.0001241150,0.0000713180,-0.0003291234,0.0003589053
26123,0.0001322475,0.0000712061,-0.0003533356,0.0003839345
26124,0.0000894439,0.0000812193,-0.0002140628,0.0002458041
26125,0.0000958094,0.0000775176,-0.0002386759,0.0002686161
26126,0.0001014461,0.0000736736,-0.0002602892,0.0002889110
26127,0.0001028096,0.0000763145,-0.0002598818,0.0002897106
26128,0.0000963054,0.0000802674,-0.0002353644,0.0002666721
26129,0.0001087178,0.0000724690,-0.0002824693,0.0003112237
26130,0.0000833468,0.0000817578,-0.0001960607,0.0002281903
26131,0.0000939486,0.0000749959,-0.0002383314,0.0002669318
26132,0.0000895395,0.0000784504,-0.0002191246,0.0002493740
26133,0.0001750574,0.0000673753,-0.0004833926,0.0005185103
26134,0.0001705808,0.0000696971,-0.0004670189,0.0005020579
26135,0.0001658957,0.0000722829,-0.0004488288,0.0004839354
26136,0.0001601772,0.0000753198,-0.0004282169,0.0004633568
26137,0.0001538966,0.0000782533,-0.0004055371,0.0004407586
26138,0.0001572203,0.0000719028,-0.0004252651,0.0004590628
26139,0.0001486312,0.0000718399,-0.0004015508,0.0004341604
26140,0.0001664016,0.0000665760,-0.0004601159,0.0004937899
26141,0.0001586789,0.0000657468,-0.0004384344,0.0004708783
26142,0.0001705248,0.0000645787,-0.0004737391,0.0005076198
26143,0.0001626427,0.0000633903,-0.0004531366,0.0004855963
26144,0.0001624132,0.0000690277,-0.0004443335,0.0004780953
26145,0.0001542132,0.0000683617,-0.0004217105,0.0004541969
26146,0.0001453583,0.0000778047,-0.0003802462,0.0004144512
26147,0.0001512942,0.0000751063,-0.0004036539,0.0004375698
26148,0.0001363944,0.0000776423,-0.0003548786,0.0003880343
26149,0.0001430960,0.0000745001,-0.0003792824,0.0004121673
26150,0.0001918655,0.0000759328,-0.0005190875,0.0005585965
26151,0.0001828548,0.0000749226,-0.0004953765,0.0005333359
26152,0.0001742518,0.0000735366,-0.0004720689,0.0005085473
26153,0.0001868614,0.0000726275,-0.0005103607,0.0005483247
26154,0.0001904828,0.0000703883,-0.0005229296,0.0005609756
26155,0.0001959363,0.0000739301,-0.0005328966,0.0005725692
26156,0.0001990167,0.0000722500,-0.0005446429,0.0005843488
26157,0.0001786638,0.0000712270,-0.0004889167,0.0005253890
26158,0.0001824882,0.0000687664,-0.0005030240,0.0005395034
26159,0.0001727883,0.0000793845,-0.0004577556,0.0004956792
26160,0.0001782874,0.0000770480,-0.0004777110,0.0005156846
26161,0.0001828094,0.0000801772,-0.0004847030,0.0005241991
26162,0.0001875451,0.0000780474,-0.0005029052,0.0005423819
26163,0.0001632957,0.0000782970,-0.0004316423,0.0004680930
26164,0.0001693102,0.0000758724,-0.0004526063,0.0004891574
26575,-0.0000500680,-0.0000757052,-0.0001695064,0.0001922772
26576,-0.0000465981,-0.0000752190,-0.0001558325,0.0001792011
26577,-0.0000431782,-0.0000748104,-0.0001423026,0.0001664662
26578,-0.0000398283,-0.0000744695,-0.0001290658,0.0001542400
26579,-0.0000366384,-0.0000742663,-0.0001158799,0.0001424289
26580,-0.0000334884,-0.0000740908,-0.0001029137,0.0001311569
26581,-0.0000304282,-0.0000739529,-0.0000901353,0.0001204960
26582,-0.0000273878,-0.0000738527,-0.0000776931,0.0001106369
26583,-0.0000245671,-0.0000739102,-0.0000653350,0.0001016609
26584,-0.0000218562,-0.0000738954,-0.0000533092,0.0000937022
26585,-0.0000191748,-0.0000739883,-0.0000415535,0.0000869979
26586,-0.0000166830,-0.0000741889,-0.0000299557,0.0000817292
26587,-0.0000142708,-0.0000743672,-0.0000187432,0.0000780093
26588,-0.0000119507,-0.0000746431,-0.0000077024,0.0000759851
26589,-0.0000097749,-0.0000749770,0.0000030167,0.0000756716
26590,-0.0000076951,-0.0000753884,0.0000136339,0.0000769969
26591,-0.0000056888,-0.0000757777,0.0000238795,0.0000796545
26592,-0.0000038460,-0.0000762449,0.0000339231,0.0000835395
26593,-0.0000020725,-0.0000767399,0.0000437074,0.0000883382
26594,-0.0000003517,-0.0000772925,0.0000533454,0.0000939148
26595,0.0000012819,-0.0000778738,0.0000626116,0.0000999309
26596,0.0000028877,-0.0000785019,0.0000719309,0.0001065126
26597,0.0000043388,-0.0000791688,0.0000809015,0.0001132765
26598,0.0000057999,-0.0000798927,0.0000898500,0.0001203723
26599,0.0000071747,-0.0000806548,0.0000986048,0.0001275915
26600,0.0000084572,-0.0000814652,0.0001072077,0.0001349133
26601,0.0000097329,-0.0000823030,0.0001157284,0.0001423431
26602,0.0000109335,-0.0000831792,0.0001240816,0.0001497817
26603,0.0000121003,-0.0000841034,0.0001323260,0.0001572577
26604,0.0000132254,-0.0000850857,0.0001404765,0.0001647669
26605,0.0000143070,-0.0000860962,0.0001485282,0.0001722727
26606,0.0000153479,-0.0000871347,0.0001565165,0.0001797928
26607,0.0000163803,-0.0000882515,0.0001643967,0.0001873044
26608,0.0000173711,-0.0000893865,0.0001722347,0.0001948242
26609,0.0000183496,-0.0000905797,0.0001799960,0.0002023362
26610,0.0000193105,-0.0000918412,0.0001876970,0.0002098520
26611,0.0000202431,-0.0000931210,0.0001953337,0.0002173397
26612,0.0000211604,-0.0000944691,0.0002029026,0.0002248147
26613,0.0000220543,-0.0000958557,0.0002104104,0.0002322655
26614,0.0000229300,-0.0000972907,0.0002178640,0.0002396998
26615,0.0000237886,-0.0000987644,0.0002252166,0.0002470684
26616,0.0000246297,-0.0001002963,0.0002325502,0.0002544515
26617,0.0000254479,-0.0001018370,0.0002397685,0.0002617389
26618,0.0000262558,-0.0001034761,0.0002469193,0.0002690089
26619,0.0000270425,-0.0001051228,0.0002539964,0.0002762178
26620,0.0000278102,-0.0001067963,0.0002609613,0.0002833367
26621,0.0000285689,-0.0001084925,0.0002677950,0.0002903463
26622,0.0000292966,-0.0001102334,0.0002744960,0.0002972504
26623,0.0000300062,-0.0001119662,0.0002810550,0.0003040209
26624,0.0000306940,-0.0001137170,0.0002874152,0.0003106142
26625,0.0000313527,-0.0001154984,0.0002936141,0.0003170680
26626,0.0000319757,-0.0001172522,0.0002995818,0.0003232952
26627,0.0000325907,-0.0001190027,0.0003053559,0.0003293418
26628,0.0000331749,-0.0001207517,0.0003108427,0.0003351190
26629,0.0000337492,-0.0001224725,0.0003160633,0.0003406385
26630,0.0000342827,-0.0001241675,0.0003209775,0.0003458604
26631,0.0000347904,-0.0001257907,0.0003255756,0.0003507608
26632,0.0000352813,-0.0001273852,0.0003298083,0.0003553101
26633,0.0000357585,-0.0001289341,0.0003336564,0.0003594847
26634,0.0000362088,-0.0001304163,0.0003371010,0.0003632583
26635,0.0000366555,-0.0001318029,0.0003400934,0.0003665776
26636,0.0000370814,-0.0001331030,0.0003426051,0.0003694180
26637,0.0000374896,-0.0001342717,0.0003446077,0.0003717376
26638,0.0000378931,-0.0001353449,0.0003460872,0.0003735378
26639,0.0000382998,-0.0001362948,0.0003470088,0.0003747776
26640,0.0000386799,-0.0001371384,0.0003473387,0.0003754294
26641,0.0000390634,-0.0001378507,0.0003470775,0.0003754884
26642,0.0000394751,-0.0001384129,0.0003461949,0.0003749231
26643,0.0000400072,-0.0001387299,0.0003445589,0.0003735872
26644,0.0000405116,-0.0001390168,0.0003422337,0.0003716056
26645,0.0000409403,-0.0001391137,0.0003392715,0.0003689633
26646,0.0000414673,-0.0001389126,0.0003355041,0.0003654849
26647,0.0000421407,-0.0001385075,0.0003308989,0.0003611845
26648,0.0000429464,-0.0001378676,0.0003253562,0.0003559615
26649,0.0000436514,-0.0001370219,0.0003190450,0.0003499574
26650,0.0000445008,-0.0001358874,0.0003118136,0.0003430356
26651,0.0000454084,-0.0001345782,0.0003036975,0.0003352691
26652,0.0000464274,-0.0001330254,0.0002947585,0.0003267014
26653,0.0000475357,-0.0001312289,0.0002848964,0.0003172485
26654,0.0000487782,-0.0001292369,0.0002742603,0.0003070834
26655,0.0000500700,-0.0001271125,0.0002626925,0.0002960944
26656,0.0000515223,-0.0001247268,0.0002501432,0.0002842234
26657,0.0000531745,-0.0001219569,0.0002368186,0.0002716322
26658,0.0000549602,-0.0001190310,0.0002225225,0.0002582736
26659,0.0000569063,-0.0001158692,0.0002072016,0.0002441239
26660,0.0000589778,-0.0001125822,0.0001913989,0.0002297535
26661,0.0000612654,-0.0001090179,0.0001743377,0.0002145506
26662,0.0000636921,-0.0001053160,0.0001569858,0.0001994810
26663,0.0000664887,-0.0001013941,0.0001383935,0.0001839953
26664,0.0000691931,-0.0000973228,0.0001191701,0.0001687037
26665,0.0000722696,-0.0000929935,0.0000992300,0.0001540042
26666,0.0000756152,-0.0000886147,0.0000783180,0.0001403707
26667,0.0000789552,-0.0000840070,0.0000568315,0.0001285337
26668,0.0000824909,-0.0000793611,0.0000348618,0.0001196591
26669,0.0000861687,-0.0000744754,0.0000120447,0.0001145282
26670,0.0000902198,-0.0000694716,-0.0000111949,0.0001144170
26671,0.0000943528,-0.0000643991,-0.0000350127,0.0001194805
26672,0.0000986744,-0.0000592280,-0.0000591509,0.0001293963
26673,0.0001031349,-0.0000539982,-0.0000836616,0.0001433592
26674,0.0001077022,-0.0000487698,-0.0001084267,0.0001604201
26675,0.0001124254,-0.0000435230,-0.0001333883,0.0001797947
26676,0.0001173803,-0.0000382476,-0.0001585081,0.0002009125
26677,0.0001223189,-0.0000330638,-0.0001837078,0.0002231674
26678,0.0001273113,-0.0000278916,-0.0002088890,0.0002462127
26679,0.0001324383,-0.0000227510,-0.0002339732,0.0002698165
26680,0.0001376079,-0.0000176721,-0.0002589119,0.0002937408
26681,0.0001427932,-0.0000126649,-0.0002835765,0.0003177514
26682,0.0001480109,-0.0000077294,-0.0003077782,0.0003416056
26683,0.0001531632,-0.0000029757,-0.0003317683,0.0003654286
26684,0.0001583309,0.0000017361,-0.0003550479,0.0003887553
26685,0.0001633911,0.0000062262,-0.0003779682,0.0004118195
26686,0.0001683226,0.0000106343,-0.0003999500,0.0004340571
26687,0.0001731964,0.0000149105,-0.0004212146,0.0004556765
26688,0.0001780096,0.0000189148,-0.0004419326,0.0004768120
26689,0.0001826170,0.0000227971,-0.0004615853,0.0004969201
26690,0.0001870615,0.0000264974,-0.0004802933,0.0005161161
26691,0.0001913592,0.0000300957,-0.0004980075,0.0005343553
26692,0.0001954481,0.0000336319,-0.0005145588,0.0005514543
26693,0.0001992079,0.0000369860,-0.0005298979,0.0005673126
26694,0.0002025788,0.0000400781,-0.0005438257,0.0005817137
26695,0.0002053506,0.0000431180,-0.0005564129,0.0005946624
26696,0.0002082741,0.0000460460,-0.0005675578,0.0006063169
26697,0.0002108172,0.0000485914,-0.0005773891,0.0006165899
26698,0.0002130318,0.0000508849,-0.0005859268,0.0006255255
26699,0.0002147573,0.0000531462,-0.0005927731,0.0006327125
26700,0.0002160928,0.0000553851,-0.0005980864,0.0006383345
26701,0.0002171090,0.0000575618,-0.0006017112,0.0006422663
26702,0.0002176864,0.0000597163,-0.0006037499,0.0006445676
26703,0.0002176923,0.0000616682,-0.0006040489,0.0006450333
26704,0.0002174316,0.0000636084,-0.0006027099,0.0006438802
26705,0.0002166586,0.0000655158,-0.0005996622,0.0006409586
26706,0.0002151187,0.0000673513,-0.0005947224,0.0006360087
26707,0.0002134082,0.0000691844,-0.0005880593,0.0006293991
26708,0.0002113272,0.0000709051,-0.0005796680,0.0006210488
26709,0.0000753737,0.0000213218,-0.0001927934,0.0002080988
26710,0.0000778566,0.0000126953,-0.0001913010,0.0002069273
26711,0.0000797897,0.0000044107,-0.0001873772,0.0002037058
26712,0.0000809994,-0.0000041158,-0.0001812457,0.0001985645
26713,0.0000814230,-0.0000127132,-0.0001725612,0.0001912294
26714,0.0000811899,-0.0000210574,-0.0001612583,0.0001817676
26715,0.0000803205,-0.0000290692,-0.0001477050,0.0001706258
26716,0.0000790831,-0.0000368474,-0.0001322311,0.0001584201
26717,0.0000771639,-0.0000440458,-0.0001149166,0.0001452589
26718,0.0000746335,-0.0000505822,-0.0000964514,0.0001320287
26719,0.0000716039,-0.0000564644,-0.0000771641,0.0001194556
26720,0.0000678835,-0.0000615431,-0.0000573591,0.0001081009
26721,0.0000635307,-0.0000656621,-0.0000375928,0.0000987972
26722,0.0000585596,-0.0000690260,-0.0000184737,0.0000923856
26723,0.0000526794,-0.0000714306,-0.0000008236,0.0000887589
26724,0.0000462878,-0.0000730506,0.0000152029,0.0000878071
26725,0.0000399341,-0.0000740616,0.0000285634,0.0000888579
26726,0.0000339172,-0.0000746094,0.0000393977,0.0000909346
26727,0.0000283887,-0.0000751594,0.0000477586,0.0000934652
26728,0.0000232963,-0.0000754375,0.0000536215,0.0000954400
26729,0.0000190589,-0.0000756612,0.0000575979,0.0000969813
26730,0.0000159885,-0.0000754561,0.0000601533,0.0000978145
26731,0.0000138143,-0.0000749849,0.0000616047,0.0000980241
26732,0.0000122212,-0.0000742203,0.0000621934,0.0000976013
26733,0.0000110913,-0.0000732337,0.0000619662,0.0000965712
26734,0.0000104146,-0.0000718979,0.0000611727,0.0000949730
26735,0.0000100210,-0.0000702325,0.0000597941,0.0000927812
26736,0.0000098126,-0.0000684040,0.0000580574,0.0000902555
26737,0.0000097371,-0.0000664501,0.0000558968,0.0000873778
26738,0.0000097906,-0.0000643605,0.0000532490,0.0000841046
26739,0.0000099960,-0.0000622348,0.0000502900,0.0000806360
26740,0.0000102559,-0.0000601246,0.0000470636,0.0000770398
26741,0.0000106504,-0.0000580106,0.0000434917,0.0000732815
26742,0.0000111023,-0.0000559524,0.0000397382,0.0000695202
26743,0.0000115162,-0.0000539477,0.0000358258,0.0000657759
26744,0.0000120850,-0.0000520823,0.0000317524,0.0000621838
26745,0.0000126715,-0.0000503448,0.0000276104,0.0000588005
26746,0.0000132614,-0.0000485959,0.0000234533,0.0000555652
26747,0.0000138564,-0.0000469874,0.0000192472,0.0000526334
26748,0.0000144182,-0.0000453981,0.0000151038,0.0000499699
26749,0.0000148916,-0.0000439346,0.0000111022,0.0000476998
26750,0.0000152491,-0.0000426659,0.0000071250,0.0000458659
26751,0.0000154265,-0.0000415787,0.0000034511,0.0000444823
26752,0.0000152465,-0.0000407618,-0.0000002898,0.0000435209
26753,0.0000148386,-0.0000402242,-0.0000039448,0.0000430549
26754,0.0000139015,-0.0000400256,-0.0000074873,0.0000430274
26755,0.0000126348,-0.0000405450,-0.0000110744,0.0000438883
26756,0.0000111013,-0.0000417533,-0.0000154265,0.0000458754
26757,0.0000090884,-0.0000435085,-0.0000207031,0.0000490327
26758,0.0000068488,-0.0000458175,-0.0000272365,0.0000537399
26759,0.0000117726,-0.0000746391,0.0000749835,0.0001064524
26760,0.0000127139,-0.0000763499,0.0000886408,0.0001176781
26761,0.0000131524,-0.0000768068,0.0000987131,0.0001257639
26762,0.0000138366,-0.0000775493,0.0001096525,0.0001350149
26763,0.0000146394,-0.0000782698,0.0001211286,0.0001449572
26764,0.0000153877,-0.0000788452,0.0001307592,0.0001534643
26765,0.0000161287,-0.0000795975,0.0001401522,0.0001619832
26766,0.0000169446,-0.0000804490,0.0001494282,0.0001705519
26767,0.0000177963,-0.0000814848,0.0001585580,0.0001791567
26768,0.0000186449,-0.0000825703,0.0001674028,0.0001875878
26769,0.0000194530,-0.0000836141,0.0001757943,0.0001956358
26770,0.0000202217,-0.0000846786,0.0001835401,0.0002031412
26771,0.0000210185,-0.0000858053,0.0001911227,0.0002105522
26772,0.0000217738,-0.0000870475,0.0001984279,0.0002177728
26773,0.0000225010,-0.0000883498,0.0002055579,0.0002248689
26774,0.0000232406,-0.0000897877,0.0002126110,0.0002319599
26775,0.0000239406,-0.0000912956,0.0002194403,0.0002388767
26776,0.0000245386,-0.0000925450,0.0002249356,0.0002444642
26777,0.0000250642,-0.0000937546,0.0002298973,0.0002495413
26778,0.0000256120,-0.0000952238,0.0002352292,0.0002550614
26779,0.0000261332,-0.0000968186,0.0002404693,0.0002605422
26780,0.0000266247,-0.0000984935,0.0002455468,0.0002659005
26781,0.0000268413,-0.0000994357,0.0002477477,0.0002683036
26782,0.0000271993,-0.0001011075,0.0002518532,0.0002727500
26783,0.0000275096,-0.0001028527,0.0002558060,0.0002770779
26784,0.0000275213,-0.0001037702,0.0002565100,0.0002780702
26785,0.0000276495,-0.0001052602,0.0002588190,0.0002807694
26786,0.0000220973,-0.0000884663,0.0002022111,0.0002218195
26787,0.0000223947,-0.0000897845,0.0002054974,0.0002253708
26788,0.0000227273,-0.0000910028,0.0002083360,0.0002284774
26789,0.0000230812,-0.0000921562,0.0002106896,0.0002311182
26790,0.0000234166,-0.0000930252,0.0002121189,0.0002328013
26791,0.0000237293,-0.0000937590,0.0002126882,0.0002336452
26792,0.0000241008,-0.0000944013,0.0002130486,0.0002342694
26793,0.0000246323,-0.0000950521,0.0002134834,0.0002349826
26794,0.0000251159,-0.0000953960,0.0002123258,0.0002341227
26795,0.0000256204,-0.0000953899,0.0002100667,0.0002321285
26796,0.0000265026,-0.0000952418,0.0002072899,0.0002296573
26797,0.0000273088,-0.0000949133,0.0002038535,0.0002265183
26798,0.0000281671,-0.0000943493,0.0001992603,0.0002222607
26799,0.0000290539,-0.0000936946,0.0001936500,0.0002170787
26800,0.0000299887,-0.0000928099,0.0001876533,0.0002114870
26801,0.0000315452,-0.0000915890,0.0001801979,0.0002045848
26802,0.0000328733,-0.0000899762,0.0001715942,0.0001965221
26803,0.0000345843,-0.0000882538,0.0001620470,0.0001877340
26804,0.0000364400,-0.0000863114,0.0001515926,0.0001782073
26805,0.0000386796,-0.0000842329,0.0001400896,0.0001679773
26806,0.0000406903,-0.0000818371,0.0001273670,0.0001567653
26807,0.0000429219,-0.0000790325,0.0001135451,0.0001448479
26808,0.0000454991,-0.0000760848,0.0000988505,0.0001327798
26809,0.0000482714,-0.0000734118,0.0000842736,0.0001217434
26810,0.0000509894,-0.0000700288,0.0000675002,0.0001098191
26811,0.0000538534,-0.0000665279,0.0000501835,0.0000992196
26812,0.0000569157,-0.0000629433,0.0000318144,0.0000906278
26813,0.0000603310,-0.0000590949,0.0000125924,0.0000853850
26814,0.0000640055,-0.0000551504,-0.0000074859,0.0000848193
26815,0.0000676936,-0.0000510555,-0.0000277262,0.0000892067
26816,0.0000714581,-0.0000468669,-0.0000485067,0.0000982632
26817,0.0000752194,-0.0000426600,-0.0000693996,0.0001108790
26818,0.0000790493,-0.0000384442,-0.0000903580,0.0001260608
26819,0.0000829366,-0.0000342545,-0.0001110221,0.0001427507
26820,0.0000869498,-0.0000299415,-0.0001323422,0.0001611559
26821,0.0000905734,-0.0000258645,-0.0001520468,0.0001788596
26822,0.0000944389,-0.0000215266,-0.0001726663,0.0001979791
26823,0.0000983881,-0.0000171567,-0.0001932848,0.0002175629
26824,0.0001022127,-0.0000130055,-0.0002133589,0.0002369358
26825,0.0001059890,-0.0000087942,-0.0002324837,0.0002556554
26826,0.0001095519,-0.0000048678,-0.0002508047,0.0002737303
26827,0.0001129580,-0.0000008473,-0.0002684373,0.0002912367
26828,0.0001155820,0.0000029534,-0.0002831543,0.0003058501
26829,0.0001185062,0.0000067001,-0.0002979132,0.0003206881
26830,0.0001210373,0.0000102951,-0.0003118537,0.0003346771
26831,0.0001234409,0.0000138873,-0.0003248140,0.0003477566
26832,0.0001256436,0.0000174583,-0.0003354524,0.0003586355
26833,0.0001271715,0.0000208877,-0.0003451057,0.0003683841
26834,0.0001282759,0.0000240118,-0.0003526043,0.0003759801
26835,0.0001289477,0.0000271589,-0.0003584987,0.0003819508
26836,0.0001291869,0.0000302347,-0.0003617782,0.0003853399
26837,0.0001294463,0.0000332448,-0.0003641341,0.0003878856
26838,0.0001288657,0.0000361237,-0.0003644130,0.0003882114
26839,0.0001281443,0.0000396714,-0.0003638481,0.0003877889
26840,0.0001268968,0.0000426107,-0.0003596716,0.0003837735
26841,0.0001242626,0.0000451861,-0.0003520872,0.0003760963
26842,0.0000648495,-0.0000621509,-0.0000478405,0.0001017688
26843,0.0000623621,-0.0000624029,-0.0000381582,0.0000961208
26844,0.0000608179,-0.0000622759,-0.0000276831,0.0000913425
26845,0.0000593837,-0.0000622649,-0.0000164356,0.0000875984
26846,0.0000578679,-0.0000618416,-0.0000076143,0.0000850356
26847,0.0000564512,-0.0000617806,0.0000021405,0.0000837147
26848,0.0000547571,-0.0000626484,0.0000140487,0.0000843832
26849,0.0000528636,-0.0000638330,0.0000256926,0.0000867717
26850,0.0000511762,-0.0000651518,0.0000371267,0.0000907863
26851,0.0000497396,-0.0000667281,0.0000488540,0.0000965059
26852,0.0000483951,-0.0000685696,0.0000603364,0.0001033651
26853,0.0000474750,-0.0000705995,0.0000713612,0.0001110432
26854,0.0000460344,-0.0000735416,0.0000869944,0.0001228640
26855,0.0000587134,-0.0000589983,-0.0000052497,0.0000834004
26856,0.0000624875,-0.0000553042,-0.0000243826,0.0000869354
26857,0.0000662268,-0.0000515671,-0.0000435361,0.0000945545
26858,0.0000700938,-0.0000474547,-0.0000636836,0.0001059277
26859,0.0000736603,-0.0000435007,-0.0000827637,0.0001190293
26860,0.0000772391,-0.0000392965,-0.0001021349,0.0001339464
26861,0.0000806147,-0.0000347980,-0.0001213203,0.0001497606
26862,0.0000841829,-0.0000300951,-0.0001408803,0.0001668524
26863,0.0000873278,-0.0000256727,-0.0001590628,0.0001832654
26864,0.0000903414,-0.0000208969,-0.0001765957,0.0001994599
26865,0.0000930601,-0.0000162129,-0.0001937525,0.0002155529
26866,0.0000952007,-0.0000112685,-0.0002090570,0.0002299891
26867,0.0000974576,-0.0000069667,-0.0002229364,0.0002434074
26868,0.0000995700,-0.0000025605,-0.0002355653,0.0002557572
26869,0.0001005083,0.0000014167,-0.0002452363,0.0002650373
26870,0.0001013130,0.0000061753,-0.0002542037,0.0002737187
26871,0.0001017192,0.0000109237,-0.0002615732,0.0002808677
26872,0.0001015673,0.0000157161,-0.0002669564,0.0002860571
26873,0.0001012637,0.0000199554,-0.0002699550,0.0002890126
26874,0.0001002147,0.0000243994,-0.0002706650,0.0002896513
26875,0.0000987649,0.0000292654,-0.0002700665,0.0002890448
26876,0.0000966833,0.0000337591,-0.0002672808,0.0002862278
26877,0.0000826659,-0.0000223659,-0.0001626453,0.0001838135
26878,0.0000842657,-0.0000234800,-0.0001639895,0.0001858617
26879,0.0000855284,-0.0000241045,-0.0001648540,0.0001872778
26880,0.0000861579,-0.0000247127,-0.0001641289,0.0001870086
26881,0.0000864581,-0.0000254475,-0.0001620467,0.0001854231
26882,0.0000869469,-0.0000255946,-0.0001602649,0.0001841187
26883,0.0000872183,-0.0000181405,-0.0001793226,0.0002002316
26884,0.0000887134,-0.0000121481,-0.0001914388,0.0002113444
26885,0.0000898140,-0.0000064631,-0.0002026097,0.0002217183
26886,0.0000901926,-0.0000009082,-0.0002112058,0.0002296593
26887,0.0000898791,0.0000042549,-0.0002168490,0.0002347762
26888,0.0000893316,0.0000094194,-0.0002221891,0.0002396598
26889,0.0000888366,0.0000149888,-0.0002256044,0.0002429279
26890,0.0000872250,0.0000205359,-0.0002249671,0.0002421573
26891,0.0000848962,0.0000264446,-0.0002239967,0.0002410005
26892,0.0000840006,0.0000014573,-0.0001950076,0.0002123351
26893,0.0000872003,-0.0000000307,-0.0002028099,0.0002207617
26894,0.0000807522,0.0000174711,-0.0002028482,0.0002190286
26895,0.0000848226,0.0000162010,-0.0002135920,0.0002303885
26896,0.0000782112,0.0000246983,-0.0002029469,0.0002188937
26897,0.0000827142,0.0000226284,-0.0002135649,0.0002301383
26898,0.0000829488,0.0000093404,-0.0002008187,0.0002174762
26899,0.0000866709,0.0000056665,-0.0002083889,0.0002257651
26900,0.0000864889,0.0000111160,-0.0002133956,0.0002305246
26901,0.0000846666,-0.0000065020,-0.0001875201,0.0002058506
26902,0.0000867713,-0.0000100318,-0.0001885870,0.0002078340
26903,0.0000877023,-0.0000047962,-0.0001981893,0.0002167803
26904,0.0000841743,-0.0000148721,-0.0001761337,0.0001957794
26905,0.0000856473,-0.0000168022,-0.0001771757,0.0001975070
26906,0.0000927899,0.0000030127,-0.0002247307,0.0002431520
26907,0.0000954752,0.0000024753,-0.0002315236,0.0002504492
26908,0.0000978250,0.0000017657,-0.0002379017,0.0002572354
26909,0.0000914165,0.0000189266,-0.0002367833,0.0002545221
26910,0.0000947258,0.0000176449,-0.0002473263,0.0002654329
26911,0.0000983544,0.0000163335,-0.0002570113,0.0002756723
26912,0.0000934123,0.0000228806,-0.0002477161,0.0002657304
26913,0.0000913400,0.0000284524,-0.0002467127,0.0002646123
26914,0.0000894136,0.0000244462,-0.0002367095,0.0002542121
26915,0.0000873437,0.0000294552,-0.0002354137,0.0002528164
26916,0.0000959040,0.0000263986,-0.0002590484,0.0002774897
26917,0.0000937085,0.0000314730,-0.0002564308,0.0002748246
26918,0.0000974051,0.0000211143,-0.0002592378,0.0002777369
26919,0.0000952971,0.0000073135,-0.0002387366,0.0002571580
26920,0.0000952894,0.0000125331,-0.0002443005,0.0002625260
26921,0.0000923053,0.0000081344,-0.0002305129,0.0002484404
26922,0.0000920725,0.0000136372,-0.0002351152,0.0002528685
26923,0.0000986319,0.0000066215,-0.0002468537,0.0002659113
26924,0.0000982705,0.0000115453,-0.0002528079,0.0002714815
26925,0.0000915612,-0.0000080774,-0.0002062198,0.0002257771
26926,0.0000936939,-0.0000089618,-0.0002101681,0.0002302813
26927,0.0000944022,-0.0000110288,-0.0002077797,0.0002284859
26928,0.0000947545,-0.0000031716,-0.0002218030,0.0002412158
26929,0.0000927273,-0.0000022906,-0.0002169702,0.0002359654
26930,0.0000970003,-0.0000029421,-0.0002286272,0.0002483709
26931,0.0000963557,-0.0000068644,-0.0002205970,0.0002408206
26932,0.0000890895,-0.0000199733,-0.0001789580,0.0002009025
26933,0.0000915758,-0.0000148062,-0.0001945488,0.0002155333
26934,0.0000885215,-0.0000190136,-0.0001795870,0.0002011195
26935,0.0000903818,-0.0000133640,-0.0001942620,0.0002146746
26936,0.0000897792,-0.0000205969,-0.0001777270,0.0002001784
26937,0.0000920372,-0.0000158878,-0.0001934760,0.0002148400
26938,0.0000654219,-0.0000577656,-0.0000488032,0.0000999932
26939,0.0000696637,-0.0000526741,-0.0000703700,0.0001121585
26940,0.0000735554,-0.0000472929,-0.0000919239,0.0001268740
26941,0.0000771752,-0.0000416356,-0.0001124685,0.0001426138
26942,0.0000803991,-0.0000355776,-0.0001314640,0.0001581536
26943,0.0000830809,-0.0000296731,-0.0001493240,0.0001734375
26944,0.0000760724,-0.0000448578,-0.0001095241,0.0001406938
26945,0.0000746104,-0.0000464516,-0.0001003841,0.0001334220
26946,0.0000813301,-0.0000297426,-0.0001475179,0.0001710577
26947,0.0000824791,-0.0000296721,-0.0001492266,0.0001730660
26948,0.0000791988,-0.0000373922,-0.0001298960,0.0001566640
26949,0.0000777093,-0.0000404384,-0.0001194288,0.0001481122
26950,0.0000804227,-0.0000346313,-0.0001361711,0.0001618941
26951,0.0000690587,-0.0000570051,-0.0000686946,0.0001128612
26952,0.0000727811,-0.0000512680,-0.0000892721,0.0001260754
26953,0.0000669331,-0.0000575774,-0.0000589321,0.0001061517
26954,0.0000709755,-0.0000521844,-0.0000799056,0.0001189354
26955,0.0000765077,-0.0000422521,-0.0001056712,0.0001371316
26956,0.0000755484,-0.0000429651,-0.0000975163,0.0001306253
26957,0.0000745172,-0.0000434078,-0.0000890317,0.0001239504
26958,0.0000798757,-0.0000367239,-0.0001211819,0.0001497125
26959,0.0000835445,-0.0000309528,-0.0001426860,0.0001682173
26960,0.0000803615,-0.0000363715,-0.0001265933,0.0001542943
26961,0.0000834687,-0.0000307261,-0.0001464135,0.0001713126
26962,0.0000839362,-0.0000303985,-0.0001423728,0.0001680458
26963,0.0000779738,-0.0000388877,-0.0001090995,0.0001396240
26964,0.0000813057,-0.0000341568,-0.0001270536,0.0001546606
26965,0.0000683768,-0.0000530491,-0.0000604330,0.0001055545
26966,0.0000669101,-0.0000531508,-0.0000506561,0.0000993378
26967,0.0000641638,-0.0000548442,-0.0000347496,0.0000912821
26968,0.0000713694,-0.0000483105,-0.0000743190,0.0001138016
26969,0.0000725996,-0.0000478525,-0.0000831439,0.0001203058
26970,0.0000707728,-0.0000478887,-0.0000689913,0.0001098267
26971,0.0000675936,-0.0000510534,-0.0000522345,0.0000995178
26972,0.0000623815,-0.0000579981,-0.0000279111,0.0000896340
26973,0.0000639972,-0.0000577011,-0.0000385109,0.0000943830
26974,0.0000602493,-0.0000586021,-0.0000157557,0.0000855127
26975,0.0000965360,-0.0000114756,-0.0002108390,0.0002321723
26976,0.0000977540,-0.0000113279,-0.0002132364,0.0002348488
26977,0.0000991722,-0.0000110514,-0.0002160898,0.0002380169
26978,0.0001003700,-0.0000107327,-0.0002178288,0.0002400806
26979,0.0001010727,-0.0000114735,-0.0002166273,0.0002393214
26980,0.0001014501,-0.0000124641,-0.0002143362,0.0002374605
26981,0.0001050190,0.0000148994,-0.0002760890,0.0002957636
26982,0.0001085192,0.0000145847,-0.0002851392,0.0003054398
26983,0.0001115233,0.0000142232,-0.0002932605,0.0003140724
26984,0.0001145259,0.0000141100,-0.0003020644,0.0003233546
26985,0.0001176993,0.0000137391,-0.0003100162,0.0003318914
26986,0.0001206162,0.0000138785,-0.0003173037,0.0003397389
26987,0.0001123236,0.0000179404,-0.0003004744,0.0003212838
26988,0.0001124513,0.0000211906,-0.0003050943,0.0003258479
26989,0.0001121276,0.0000251857,-0.0003078401,0.0003285916
26990,0.0001117664,0.0000285613,-0.0003091973,0.0003300159
26991,0.0001106151,0.0000324573,-0.0003081036,0.0003289636
26992,0.0001095479,0.0000362572,-0.0003064122,0.0003274199
26993,0.0001076935,0.0000396894,-0.0003021910,0.0003232531
26994,0.0001034868,0.0000274559,-0.0002831766,0.0003027413
26995,0.0001080182,0.0000259871,-0.0002959655,0.0003161311
26996,0.0001020560,0.0000314455,-0.0002817867,0.0003013437
26997,0.0001000643,0.0000358939,-0.0002779547,0.0002975904
26998,0.0001057735,0.0000338974,-0.0002940973,0.0003143729
26999,0.0001040894,0.0000378728,-0.0002901205,0.0003105461
27000,0.0001067218,0.0000297861,-0.0002955816,0.0003156663
27001,0.0001049364,0.0000193453,-0.0002805027,0.0003001127
27002,0.0001044080,0.0000231671,-0.0002828663,0.0003024088
27003,0.0001086756,0.0000185737,-0.0002906741,0.0003108807
27004,0.0001084011,0.0000221754,-0.0002942484,0.0003143639
27005,0.0001163510,0.0000277910,-0.0003218771,0.0003433872
27006,0.0001207708,0.0000275278,-0.0003342988,0.0003565095
27007,0.0001245837,0.0000275427,-0.0003465224,0.0003692661
27008,0.0001144066,0.0000353951,-0.0003213859,0.0003429731
27009,0.0001194608,0.0000342595,-0.0003357138,0.0003579781
27010,0.0001244760,0.0000335848,-0.0003500965,0.0003730815
27011,0.0001185343,0.0000379596,-0.0003344272,0.0003568373
27012,0.0001160721,0.0000413878,-0.0003276773,0.0003500829
27013,0.0001131901,0.0000385483,-0.0003183523,0.0003400679
27014,0.0001113467,0.0000417287,-0.0003135253,0.0003353169
27015,0.0001214250,0.0000417883,-0.0003431802,0.0003664190
27016,0.0001186214,0.0000441673,-0.0003357409,0.0003588088
27017,0.0001234777,0.0000364402,-0.0003492693,0.0003722414
27018,0.0001236126,0.0000394390,-0.0003499207,0.0003732024
27019,0.0001203949,0.0000308968,-0.0003360331,0.0003582845
27020,0.0001155789,0.0000316699,-0.0003225179,0.0003440629
27021,0.0001250733,0.0000306726,-0.0003489980,0.0003719997
27022,0.0001189230,0.0000175611,-0.0003183951,0.0003403330
27023,0.0001198774,0.0000212236,-0.0003257147,0.0003477227
27024,0.0001200469,0.0000242268,-0.0003310971,0.0003530205
27025,0.0001161095,0.0000211615,-0.0003158233,0.0003371551
27026,0.0001156552,0.0000178513,-0.0003095400,0.0003309227
27027,0.0001164442,0.0000243918,-0.0003198657,0.0003412745
27028,0.0001235748,0.0000208529,-0.0003353782,0.0003580281
27029,0.0001222771,0.0000174984,-0.0003273870,0.0003499144
27030,0.0001242921,0.0000238380,-0.0003418622,0.0003645360
27031,0.0001020558,-0.0000068291,-0.0002323394,0.0002538574
27032,0.0001046655,-0.0000027326,-0.0002479012,0.0002691047
27033,0.0001072365,0.0000016388,-0.0002623194,0.0002833969
27034,0.0001090342,0.0000060288,-0.0002747730,0.0002956772
27035,0.0001103935,0.0000105133,-0.0002851772,0.0003059792
27036,0.0001050814,0.0000018117,-0.0002574275,0.0002780545
27037,0.0001026021,0.0000018297,-0.0002513350,0.0002714771
27038,0.0001027770,-0.0000026783,-0.0002439448,0.0002647251
27039,0.0001006999,-0.0000068709,-0.0002291708,0.0002504135
27040,0.0001010291,-0.0000024006,-0.0002398971,0.0002603138
27041,0.0000988351,-0.0000067048,-0.0002261470,0.0002468923
27042,0.0001078821,0.0000105246,-0.0002774917,0.0002979110
27043,0.0001062527,0.0000060592,-0.0002683245,0.0002886596
27044,0.0001048866,0.0000106901,-0.0002695609,0.0002894453
27045,0.0001039743,0.0000059961,-0.0002616609,0.0002816257
27046,0.0001090916,0.0000019541,-0.0002672530,0.0002886675
27047,0.0001111359,0.0000020826,-0.0002720130,0.0002938479
27048,0.0001132269,0.0000025124,-0.0002774140,0.0002996417
27049,0.0001137601,0.0000062545,-0.0002864703,0.0003082949
27050,0.0001160613,0.0000101931,-0.0002989639,0.0003208637
27051,0.0001116299,0.0000061900,-0.0002806976,0.0003021435
27052,0.0001133021,0.0000102137,-0.0002926445,0.0003139785
27053,0.0001160630,0.0000063665,-0.0002920883,0.0003143672
27054,0.0001184194,0.0000104030,-0.0003054964,0.0003278101
27055,0.0001049073,-0.0000066714,-0.0002377440,0.0002599467
27056,0.0001081059,-0.0000023171,-0.0002556186,0.0002775484
27057,0.0001034869,-0.0000066407,-0.0002353718,0.0002572032
27058,0.0001062592,-0.0000025165,-0.0002517951,0.0002733096
27059,0.0001103861,-0.0000014649,-0.0002621019,0.0002844023
27060,0.0001050715,-0.0000083757,-0.0002324818,0.0002552605
27061,0.0001084289,-0.0000045973,-0.0002499235,0.0002724697
27062,0.0000765137,-0.0000396651,-0.0000959080,0.0001289419
27063,0.0000756810,-0.0000401510,-0.0000893816,0.0001238095
27064,0.0000747785,-0.0000408942,-0.0000825131,0.0001186279
27065,0.0000738472,-0.0000419609,-0.0000749131,0.0001132523
27066,0.0000729424,-0.0000434509,-0.0000662283,0.0001076790
27067,0.0000721355,-0.0000451441,-0.0000571721,0.0001025191
27068,0.0000786222,-0.0000365849,-0.0001029038,0.0001345700
27069,0.0000822875,-0.0000323678,-0.0001232407,0.0001516812
27070,0.0000860307,-0.0000279360,-0.0001433403,0.0001694938
27071,0.0000896350,-0.0000235563,-0.0001626497,0.0001872011
27072,0.0000928567,-0.0000193759,-0.0001813060,0.0002046207
27073,0.0000964386,-0.0000149572,-0.0001996904,0.0002222620
27074,0.0000871024,-0.0000262192,-0.0001551210,0.0001798243
27075,0.0000864982,-0.0000271654,-0.0001483993,0.0001739030
27076,0.0000939250,-0.0000162609,-0.0001939874,0.0002161422
27077,0.0000950265,-0.0000154724,-0.0001971409,0.0002193945
27078,0.0000907195,-0.0000209979,-0.0001755015,0.0001986749
27079,0.0000896501,-0.0000230212,-0.0001667563,0.0001907217
27080,0.0000928522,-0.0000188658,-0.0001836647,0.0002066644
27081,0.0000800634,-0.0000353804,-0.0001155373,0.0001449510
27082,0.0000836632,-0.0000308131,-0.0001352714,0.0001620103
27083,0.0000793206,-0.0000358700,-0.0001092744,0.0001397115
27084,0.0000828519,-0.0000316306,-0.0001290968,0.0001566234
27085,0.0000895698,-0.0000242763,-0.0001591416,0.0001842230
27086,0.0000896203,-0.0000249614,-0.0001560153,0.0001816470
27087,0.0000900511,-0.0000253675,-0.0001539415,0.0001801408
27088,0.0000936308,-0.0000204595,-0.0001767850,0.0002010926
27089,0.0000972912,-0.0000159470,-0.0001969109,0.0002202130
27090,0.0000933208,-0.0000199739,-0.0001790679,0.0002029114
27091,0.0000968598,-0.0000154153,-0.0001985199,0.0002214263
27092,0.0000939185,-0.0000209325,-0.0001746419,0.0001993957
27093,0.0000977623,-0.0000166108,-0.0001947449,0.0002185382
27094,0.0000818172,-0.0000331903,-0.0001173844,0.0001468835
27095,0.0000814019,-0.0000342318,-0.0001113908,0.0001421478
27096,0.0000795883,-0.0000368674,-0.0000980796,0.0001315793
27097,0.0000855529,-0.0000295200,-0.0001342172,0.0001618795
27098,0.0000857360,-0.0000287022,-0.0001386254,0.0001655037
27099,0.0000861654,-0.0000296073,-0.0001335456,0.0001616648
27100,0.0000832297,-0.0000330533,-0.0001167071,0.0001471062
27101,0.0000769665,-0.0000390280,-0.0000879284,0.0001232008
27102,0.0000778756,-0.0000375905,-0.0000962309,0.0001293756
27103,0.0000758405,-0.0000409971,-0.0000777173,0.0001160712
27104,0.0000532660,-0.0000633159,0.0000307500,0.0000882708
27105,0.0000567417,-0.0000597388,0.0000125157,0.0000833366
27106,0.0000602930,-0.0000562576,-0.0000054612,0.0000826438
27107,0.0000639134,-0.0000525962,-0.0000244136,0.0000862978
27108,0.0000672953,-0.0000489926,-0.0000426995,0.0000935532
27109,0.0000709487,-0.0000450224,-0.0000622860,0.0001045958
27110,0.0000651336,-0.0000521243,-0.0000354430,0.0000906396
27111,0.0000644011,-0.0000521085,-0.0000304766,0.0000882701
27112,0.0000690183,-0.0000480069,-0.0000561603,0.0001011047
27113,0.0000727601,-0.0000438520,-0.0000763200,0.0001142006
27114,0.0000681051,-0.0000483907,-0.0000495830,0.0000971517
27115,0.0000718772,-0.0000443204,-0.0000693460,0.0001092680
27116,0.0000608608,-0.0000559909,-0.0000144116,0.0000839447
27117,0.0000582492,-0.0000582148,0.0000012830,0.0000823625
27118,0.0000613970,-0.0000550421,-0.0000145377,0.0000837292
27119,0.0000566279,-0.0000601073,0.0000064564,0.0000828329
27120,0.0000547937,-0.0000617713,0.0000192923,0.0000847952
27121,0.0000629447,-0.0000538454,-0.0000153866,0.0000842503
27122,0.0000619100,-0.0000555016,-0.0000060007,0.0000833624
27123,0.0000610259,-0.0000571931,0.0000032988,0.0000837024
27124,0.0000655801,-0.0000515282,-0.0000257173,0.0000872771
27125,0.0000691930,-0.0000475298,-0.0000458513,0.0000956509
27126,0.0000664718,-0.0000501210,-0.0000346739,0.0000901825
27127,0.0000700969,-0.0000461165,-0.0000543966,0.0000999965
27128,0.0000646879,-0.0000532418,-0.0000166671,0.0000854225
27129,0.0000684703,-0.0000492708,-0.0000366465,0.0000919715
27130,0.0000556892,-0.0000613378,0.0000225526,0.0000858617
27131,0.0000545757,-0.0000630608,0.0000327182,0.0000895861
27132,0.0000540993,-0.0000647344,0.0000414432,0.0000939937
27133,0.0000582235,-0.0000593098,0.0000136024,0.0000842179
27134,0.0000592916,-0.0000577079,0.0000040530,0.0000828379
27135,0.0000574287,-0.0000610107,0.0000226045,0.0000867832
27136,0.0000510207,-0.0000668076,0.0000519797,0.0000988345
27137,0.0000519514,-0.0000650039,0.0000415578,0.0000930135
27138,0.0000509636,-0.0000682470,0.0000591245,0.0001036853
27139,0.0000486506,-0.0000712269,0.0000740394,0.0001136749
27140,0.0000164235,-0.0000808472,0.0001422606,0.0001644509
27141,0.0000168293,-0.0000818617,0.0001435891,0.0001661397
27142,0.0000173409,-0.0000826850,0.0001440724,0.0001670161
27143,0.0000180937,-0.0000832467,0.0001441117,0.0001674084
27144,0.0000190711,-0.0000836486,0.0001439631,0.0001675893
27145,0.0000201864,-0.0000838690,0.0001423440,0.0001664432
27146,0.0000214462,-0.0000834937,0.0001386064,0.0001632265
27147,0.0000230521,-0.0000829291,0.0001336703,0.0001589855
27148,0.0000249919,-0.0000822093,0.0001281687,0.0001543055
27149,0.0000271043,-0.0000812413,0.0001213754,0.0001485489
27150,0.0000295995,-0.0000797810,0.0001132186,0.0001416319
27151,0.0000325272,-0.0000782904,0.0001035878,0.0001338575
27152,0.0000356461,-0.0000764948,0.0000922975,0.0001250637
27153,0.0000390877,-0.0000740916,0.0000790856,0.0001152040
27154,0.0000428315,-0.0000715087,0.0000644238,0.0001053492
27155,0.0000467213,-0.0000689079,0.0000489928,0.0000965996
27156,0.0000505721,-0.0000658953,0.0000318548,0.0000889632
27157,0.0000303224,-0.0000767634,0.0000527916,0.0000979746
27158,0.0000281920,-0.0000783156,0.0000662951,0.0001064104
27159,0.0000272531,-0.0000788724,0.0000797135,0.0001154029
27160,0.0000260072,-0.0000793572,0.0000921131,0.0001243333
27161,0.0000254203,-0.0000801453,0.0001053085,0.0001347566
27162,0.0000248911,-0.0000811955,0.0001170730,0.0001446318
27163,0.0000312713,-0.0000779426,0.0000709324,0.0001099289
27164,0.0000361470,-0.0000762960,0.0000586727,0.0001028114
27165,0.0000409050,-0.0000746604,0.0000452868,0.0000964276
27166,0.0000462142,-0.0000723079,0.0000291373,0.0000906266
27167,0.0000511281,-0.0000694388,0.0000120171,0.0000870646
27168,0.0000561876,-0.0000660058,-0.0000074286,0.0000870000
27169,0.0000477438,-0.0000730347,0.0000134086,0.0000882798
27170,0.0000435339,-0.0000743603,0.0000292775,0.0000910045
27171,0.0000599581,-0.0000664155,-0.0000268881,0.0000934289
27172,0.0000577221,-0.0000663420,-0.0000185115,0.0000898653
27173,0.0000539062,-0.0000700850,-0.0000055772,0.0000885940
27174,0.0000489001,-0.0000720086,0.0000136044,0.0000880996
27175,0.0000535686,-0.0000690858,-0.0000009219,0.0000874259
27176,0.0000357405,-0.0000760102,0.0000422240,0.0000940096
27177,0.0000412966,-0.0000747907,0.0000292449,0.0000903012
27178,0.0000330127,-0.0000773868,0.0000563427,0.0001012574
27179,0.0000380733,-0.0000761672,0.0000448999,0.0000962654
27180,0.0000438368,-0.0000725334,0.0000430506,0.0000950585
27181,0.0000419812,-0.0000726373,0.0000559825,0.0001008595
27182,0.0000405697,-0.0000730366,0.0000674388,0.0001073696
27183,0.0000462172,-0.0000701080,0.0000404215,0.0000931937
27184,0.0000505427,-0.0000673696,0.0000238266,0.0000875268
27185,0.0000542107,-0.0000644868,0.0000091832,0.0000847448
27186,0.0000542534,-0.0000661780,0.0000057367,0.0000857664
27187,0.0000490166,-0.0000697655,0.0000261629,0.0000891872
27188,0.0000482408,-0.0000680797,0.0000374108,0.0000914417
27189,0.0000443072,-0.0000706592,0.0000528282,0.0000987252
27190,0.0000524020,-0.0000651547,0.0000208834,0.0000861813
27191,0.0000341796,-0.0000765684,0.0000716359,0.0001102845
27192,0.0000338886,-0.0000765791,0.0000817013,0.0001169953
27193,0.0000335728,-0.0000771584,0.0000925325,0.0001250713
27194,0.0000376185,-0.0000747675,0.0000697340,0.0001089410
27195,0.0000390408,-0.0000746018,0.0000585722,0.0001025686
27196,0.0000368794,-0.0000752941,0.0000808686,0.0001164861
27197,0.0000280830,-0.0000790760,0.0000983260,0.0001292659
27198,0.0000308369,-0.0000779933,0.0000920974,0.0001245625
27199,0.0000300800,-0.0000782184,0.0000837881,0.0001185048
27200,0.0000274350,-0.0000801455,0.0001102759,0.0001390566
27201,0.0000304665,-0.0000788284,0.0001027423,0.0001330342
27202,0.0000174290,-0.0000779693,0.0000704516,0.0001065195
27203,0.0000168613,-0.0000794703,0.0000842764,0.0001170570
27204,0.0000168529,-0.0000802526,0.0000976913,0.0001275465
27205,0.0000170021,-0.0000809683,0.0001105343,0.0001380680
27206,0.0000173513,-0.0000817283,0.0001226868,0.0001484339
27207,0.0000175445,-0.0000823225,0.0001333325,0.0001576780
27208,0.0000186896,-0.0000804224,0.0000949517,0.0001258288
27209,0.0000208588,-0.0000804277,0.0000920784,0.0001240247
27210,0.0000236755,-0.0000797731,0.0000871001,0.0001204604
27211,0.0000256948,-0.0000775744,0.0000607147,0.0001018051
27212,0.0000242037,-0.0000792337,0.0000729408,0.0001103819
27213,0.0000208829,-0.0000781139,0.0000674884,0.0001053212
27214,0.0000189692,-0.0000797718,0.0000813065,0.0001154734
27215,0.0000215287,-0.0000795669,0.0000800517,0.0001149028
27216,0.0000206585,-0.0000808116,0.0001041595,0.0001334410
27217,0.0000205060,-0.0000815751,0.0001160177,0.0001433008
27218,0.0000208885,-0.0000823618,0.0001271360,0.0001529162
27219,0.0000227993,-0.0000809976,0.0001113713,0.0001395850
27220,0.0000228572,-0.0000803674,0.0000992006,0.0001297001
27221,0.0000227141,-0.0000818316,0.0001224618,0.0001490276
27222,0.0000187030,-0.0000817738,0.0001194692,0.0001459782
27223,0.0000185542,-0.0000810958,0.0001078685,0.0001362218
27224,0.0000194470,-0.0000826212,0.0001304041,0.0001555946
27225,0.0000185915,-0.0000828086,0.0001343703,0.0001589285
27226,0.0000136920,-0.0000780953,0.0000998613,0.0001275093
27227,0.0000143140,-0.0000790565,0.0000995703,0.0001279417
27228,0.0000152510,-0.0000799114,0.0000991770,0.0001282751
27229,0.0000138752,-0.0000782271,0.0000868953,0.0001177404
27230,0.0000136779,-0.0000768604,0.0000741518,0.0001076712
27231,0.0000130783,-0.0000772480,0.0000867642,0.0001169031
27232,0.0000125681,-0.0000758797,0.0000743543,0.0001069778
27233,0.0000152008,-0.0000789785,0.0000860946,0.0001178175
27234,0.0000153361,-0.0000774853,0.0000727910,0.0001074137
27235,0.0000160841,-0.0000810390,0.0001332341,0.0001567717
27236,0.0000154192,-0.0000803529,0.0001224410,0.0001472621
27237,0.0000149090,-0.0000796725,0.0001114614,0.0001378174
27238,0.0000149319,-0.0000792974,0.0001217037,0.0001460234
27239,0.0000156980,-0.0000800928,0.0001324401,0.0001555689
27240,0.0000142290,-0.0000787173,0.0001108268,0.0001366801
27241,0.0000161645,-0.0000811347,0.0001226587,0.0001479503
27242,0.0000167318,-0.0000817443,0.0001334684,0.0001574036
27243,0.0000158244,-0.0000804798,0.0001115261,0.0001384394
27244,0.0000251364,-0.0000835301,0.0001392729,0.0001643352
27245,0.0000254271,-0.0000850503,0.0001499004,0.0001742131
27246,0.0000257227,-0.0000866175,0.0001604570,0.0001841485
27247,0.0000258155,-0.0000886665,0.0001715173,0.0001947983
27248,0.0000262125,-0.0000906711,0.0001824500,0.0002054175
27249,0.0000266756,-0.0000927504,0.0001931139,0.0002158870
27250,0.0000380336,-0.0000753551,0.0000901758,0.0001235177
27251,0.0000370176,-0.0000769244,0.0001017974,0.0001328548
27252,0.0000364912,-0.0000787459,0.0001134396,0.0001428323
27253,0.0000356908,-0.0000808330,0.0001253624,0.0001533738
27254,0.0000350124,-0.0000832318,0.0001384355,0.0001652809
27255,0.0000346276,-0.0000856853,0.0001505884,0.0001766859
27256,0.0000394276,-0.0000761292,0.0000991081,0.0001310443
27257,0.0000425725,-0.0000732376,0.0000835022,0.0001189486
27258,0.0000460764,-0.0000700580,0.0000666519,0.0001071151
27259,0.0000438216,-0.0000714915,0.0000718370,0.0001104171
27260,0.0000454889,-0.0000700666,0.0000603633,0.0001030645
27261,0.0000401763,-0.0000742692,0.0000877592,0.0001217856
27262,0.0000415672,-0.0000728129,0.0000761030,0.0001132308
27263,0.0000475551,-0.0000684314,0.0000550782,0.0000998897
27264,0.0000489722,-0.0000671364,0.0000434216,0.0000937604
27265,0.0000416606,-0.0000751481,0.0000948859,0.0001280085
27266,0.0000414685,-0.0000769201,0.0001044111,0.0001361544
27267,0.0000410961,-0.0000792208,0.0001156734,0.0001460998
27268,0.0000443461,-0.0000740342,0.0000891601,0.0001240853
27269,0.0000448524,-0.0000719690,0.0000779748,0.0001152013
27270,0.0000435203,-0.0000764536,0.0001016195,0.0001344087
27271,0.0000371175,-0.0000811983,0.0001268876,0.0001551494
27272,0.0000394017,-0.0000794487,0.0001174927,0.0001472044
27273,0.0000387796,-0.0000783204,0.0001113012,0.0001415129
27274,0.0000366785,-0.0000836175,0.0001395792,0.0001667920
27275,0.0000388380,-0.0000817723,0.0001286312,0.0001572930
27276,0.0000272748,-0.0000859626,0.0001544858,0.0001788836
27277,0.0000290158,-0.0000846214,0.0001466768,0.0001718045
27278,0.0000312275,-0.0000828413,0.0001368261,0.0001629700
27279,0.0000335290,-0.0000808524,0.0001256607,0.0001531402
27280,0.0000290898,-0.0000826345,0.0001352182,0.0001611169
27281,0.0000290699,-0.0000811986,0.0001241618,0.0001511768
27282,0.0000271224,-0.0000841292,0.0001435189,0.0001685557
27283,0.0000270089,-0.0000824671,0.0001325063,0.0001583926
27284,0.0000342093,-0.0000789366,0.0001143024,0.0001430604
27285,0.0000312264,-0.0000811303,0.0001258842,0.0001529838
27286,0.0000346990,-0.0000775490,0.0001031621,0.0001336424
27287,0.0000321163,-0.0000794621,0.0001145458,0.0001430609
27288,0.0000308760,-0.0000850480,0.0001482189,0.0001736529
27289,0.0000311439,-0.0000868415,0.0001580527,0.0001830083
27290,0.0000315316,-0.0000891633,0.0001692082,0.0001938446
27291,0.0000328937,-0.0000851607,0.0001486450,0.0001744411
27292,0.0000330436,-0.0000828732,0.0001373166,0.0001637550
27293,0.0000329756,-0.0000874824,0.0001601300,0.0001854244
27294,0.0000272311,-0.0000899457,0.0001771877,0.0002005673
27295,0.0000285990,-0.0000888533,0.0001710584,0.0001948687
27296,0.0000299130,-0.0000883490,0.0001664746,0.0001908249
27297,0.0000288810,-0.0000866827,0.0001581327,0.0001826306
27298,0.0000273004,-0.0000876623,0.0001652747,0.0001890654
27299,0.0000284861,-0.0000912986,0.0001827427,0.0002062566
27300,0.0000275606,-0.0000921774,0.0001883894,0.0002115344
27301,0.0000299747,-0.0000904209,0.0001769451,0.0002009577
27302,0.0000195158,-0.0000847925,0.0001539739,0.0001768575
27303,0.0000201597,-0.0000859569,0.0001641621,0.0001863979
27304,0.0000207836,-0.0000874853,0.0001747036,0.0001964866
27305,0.0000215394,-0.0000890293,0.0001847360,0.0002061978
27306,0.0000222054,-0.0000904959,0.0001939543,0.0002151764
27307,0.0000229135,-0.0000920297,0.0002032501,0.0002242880
27308,0.0000214832,-0.0000877100,0.0001735524,0.0001956400
27309,0.0000221414,-0.0000879411,0.0001716351,0.0001941197
27310,0.0000233972,-0.0000879135,0.0001696936,0.0001925412
27311,0.0000244583,-0.0000874775,0.0001658463,0.0001890913
27312,0.0000219832,-0.0000849305,0.0001502310,0.0001739707
27313,0.0000217083,-0.0000863536,0.0001610783,0.0001840500
27314,0.0000233878,-0.0000842349,0.0001446541,0.0001690187
27315,0.0000239632,-0.0000856548,0.0001546720,0.0001784220
27316,0.0000228933,-0.0000864511,0.0001600173,0.0001833123
27317,0.0000204133,-0.0000849525,0.0001522834,0.0001755673
27318,0.0000209159,-0.0000863297,0.0001630899,0.0001857111
27319,0.0000237103,-0.0000896021,0.0001796203,0.0002021241
27320,0.0000242796,-0.0000913384,0.0001898219,0.0002120485
27321,0.0000250807,-0.0000931724,0.0001998308,0.0002219065
27322,0.0000252595,-0.0000911347,0.0001864696,0.0002090801
27323,0.0000247594,-0.0000893009,0.0001762899,0.0001991628
27324,0.0000258514,-0.0000930270,0.0001967141,0.0002191319
27325,0.0000228814,-0.0000911895,0.0001943671,0.0002159112
27326,0.0000234812,-0.0000912278,0.0001920607,0.0002139187
27327,0.0000221252,-0.0000893949,0.0001840651,0.0002058177
27328,0.0000228593,-0.0000894672,0.0001819809,0.0002040686
27329,0.0000241979,-0.0000932003,0.0002018235,0.0002236170
27330,0.0000232859,-0.0000926150,0.0002034451,0.0002247436
27331,0.0000239088,-0.0000934428,0.0002047519,0.0002263328
27332,0.0000189534,-0.0000839536,0.0001705771,0.0001910601
27333,0.0000193170,-0.0000850935,0.0001727325,0.0001935215
27334,0.0000196813,-0.0000860888,0.0001738860,0.0001950255
27335,0.0000202280,-0.0000869367,0.0001748005,0.0001962712
27336,0.0000184690,-0.0000839542,0.0001632493,0.0001844986
27337,0.0000175466,-0.0000829051,0.0001535109,0.0001753475
27338,0.0000181042,-0.0000827799,0.0001612302,0.0001821413
27339,0.0000172792,-0.0000817492,0.0001518429,0.0001733141
27340,0.0000194481,-0.0000855629,0.0001648260,0.0001867267
27341,0.0000189246,-0.0000848242,0.0001643192,0.0001858872
27342,0.0000187214,-0.0000843510,0.0001544949,0.0001770148
27343,0.0000180237,-0.0000836572,0.0001542614,0.0001764085
27344,0.0000204863,-0.0000873986,0.0001831587,0.0002039738
27345,0.0000213448,-0.0000888956,0.0001924260,0.0002130394
27346,0.0000223041,-0.0000905941,0.0002022516,0.0002227341
27347,0.0000217041,-0.0000897548,0.0001933104,0.0002142333
27348,0.0000210471,-0.0000882603,0.0001841733,0.0002053111
27349,0.0000225445,-0.0000913469,0.0002027824,0.0002235469
27350,0.0000205032,-0.0000859560,0.0001864739,0.0002063524
27351,0.0000208080,-0.0000871284,0.0001891173,0.0002092599
27352,0.0000212566,-0.0000883885,0.0001927877,0.0002131466
27353,0.0000201729,-0.0000863819,0.0001820552,0.0002025164
27354,0.0000197501,-0.0000849092,0.0001786214,0.0001987592
27355,0.0000215914,-0.0000884180,0.0001974002,0.0002173724
27356,0.0000213022,-0.0000871533,0.0001944452,0.0002141457
27357,0.0000219623,-0.0000896453,0.0002004446,0.0002206732
27358,0.0000634674,-0.0000571375,0.0000015547,0.0000854121
27359,0.0000631510,-0.0000592742,0.0000102837,0.0000872195
27360,0.0000629017,-0.0000616146,0.0000195574,0.0000901969
27361,0.0000630332,-0.0000640287,0.0000280346,0.0000941212
27362,0.0000631843,-0.0000667670,0.0000369599,0.0000990763
27363,0.0000633382,-0.0000699529,0.0000474811,0.0001056389
27364,0.0000630205,-0.0000733927,0.0000588916,0.0001132532
27365,0.0000630534,-0.0000770231,0.0000705804,0.0001220241
27366,0.0000634237,-0.0000809372,0.0000824984,0.0001318309
27367,0.0000637203,-0.0000851842,0.0000956616,0.0001430656
27368,0.0000634909,-0.0000900670,0.0001112689,0.0001566012
27369,0.0000637094,-0.0000951047,0.0001262522,0.0001704213
27370,0.0000637521,-0.0001000354,0.0001414134,0.0001845783
27371,0.0001178274,0.0000029659,-0.0002877793,0.0003109807
27372,0.0001199600,0.0000026554,-0.0002914707,0.0003152024
27373,0.0001219290,0.0000026406,-0.0002943099,0.0003185781
27374,0.0001240483,0.0000024177,-0.0002978152,0.0003226263
27375,0.0001264767,0.0000021486,-0.0003015064,0.0003269665
27376,0.0001288373,0.0000015288,-0.0003036589,0.0003298638
27377,0.0001307176,0.0000005894,-0.0003041815,0.0003310798
27378,0.0001328153,-0.0000005627,-0.0003045838,0.0003322823
27379,0.0001350308,-0.0000017190,-0.0003047227,0.0003333050
27380,0.0001366568,-0.0000033162,-0.0003025490,0.0003319969
27381,0.0001380990,-0.0000055609,-0.0002979795,0.0003284722
27382,0.0001399640,-0.0000077177,-0.0002941275,0.0003258227
27383,0.0001415286,-0.0000101469,-0.0002893233,0.0003222442
27384,0.0001333257,0.0000273839,-0.0003700799,0.0003943155
27385,0.0001374019,0.0000275781,-0.0003815070,0.0004064326
27386,0.0001418237,0.0000279811,-0.0003929758,0.0004187205
27387,0.0001460753,0.0000284239,-0.0004041789,0.0004307047
27388,0.0001506307,0.0000286834,-0.0004152235,0.0004426318
27389,0.0001547789,0.0000293400,-0.0004258110,0.0004540180
27390,0.0001590558,0.0000291925,-0.0004350988,0.0004641788
27391,0.0001632917,0.0000293020,-0.0004443287,0.0004742897
27392,0.0001678480,0.0000292395,-0.0004531040,0.0004840776
27393,0.0001720232,0.0000293398,-0.0004614530,0.0004933474
27394,0.0001757848,0.0000289353,-0.0004673138,0.0005001197
27395,0.0001795136,0.0000277634,-0.0004710746,0.0005048834
27396,0.0001833602,0.0000271125,-0.0004760732,0.0005108833
27397,0.0001612742,0.0000320623,-0.0004456012,0.0004749713
27398,0.0001632393,0.0000350365,-0.0004542325,0.0004839440
27399,0.0001651815,0.0000372655,-0.0004625220,0.0004925447
27400,0.0001661557,0.0000400326,-0.0004683339,0.0004985449
27401,0.0001667370,0.0000423183,-0.0004710629,0.0005014900
27402,0.0001671841,0.0000444743,-0.0004740266,0.0005046084
27403,0.0001675352,0.0000465565,-0.0004751218,0.0005059409
27404,0.0001667300,0.0000486610,-0.0004744984,0.0005052876
27405,0.0001664997,0.0000509030,-0.0004729743,0.0005040020
27406,0.0001653042,0.0000529516,-0.0004686105,0.0004997251
27407,0.0001632274,0.0000549570,-0.0004627929,0.0004938023
27408,0.0001618315,0.0000567590,-0.0004564715,0.0004876240
27409,0.0001333747,0.0000394334,-0.0003789167,0.0004036355
27410,0.0001388427,0.0000395775,-0.0003942526,0.0004198557
27411,0.0001441629,0.0000400173,-0.0004094291,0.0004359089
27412,0.0001495896,0.0000401416,-0.0004252919,0.0004526164
27413,0.0001552087,0.0000403213,-0.0004402278,0.0004685255
27414,0.0001606013,0.0000414055,-0.0004552794,0.0004845478
27415,0.0001434916,0.0000424965,-0.0004088680,0.0004353950
27416,0.0001421793,0.0000449051,-0.0004060238,0.0004325353
27417,0.0001409602,0.0000476517,-0.0004015233,0.0004282072
27418,0.0001391438,0.0000500450,-0.0003943917,0.0004212011
27419,0.0001304076,0.0000449688,-0.0003708374,0.0003956623
27420,0.0001362633,0.0000447468,-0.0003884153,0.0004140488
27421,0.0001289718,0.0000475455,-0.0003655450,0.0003905348
27422,0.0001346728,0.0000478180,-0.0003826629,0.0004084780
27423,0.0001323090,0.0000422988,-0.0003758645,0.0004007106
27424,0.0001377915,0.0000420287,-0.0003925037,0.0004181053
27425,0.0001472712,0.0000478205,-0.0004201607,0.0004477841
27426,0.0001535971,0.0000480386,-0.0004383543,0.0004669628
27427,0.0001605466,0.0000477264,-0.0004567393,0.0004864811
27428,0.0001525618,0.0000503206,-0.0004341210,0.0004628912
27429,0.0001509224,0.0000528939,-0.0004273906,0.0004563311
27430,0.0001460631,0.0000499958,-0.0004150101,0.0004427950
27431,0.0001444818,0.0000525206,-0.0004089215,0.0004368641
27432,0.0001577537,0.0000530914,-0.0004480266,0.0004779464
27433,0.0001557897,0.0000550040,-0.0004406651,0.0004706184
27434,0.0001594258,0.0000504069,-0.0004534270,0.0004832737
27435,0.0001552341,0.0000435099,-0.0004415804,0.0004700893
27436,0.0001549069,0.0000456066,-0.0004409177,0.0004695578
27437,0.0001494421,0.0000427497,-0.0004249981,0.0004525305
27438,0.0001483381,0.0000452374,-0.0004234565,0.0004509612
27439,0.0001612595,0.0000438866,-0.0004576841,0.0004872426
27440,0.0001610423,0.0000460491,-0.0004582805,0.0004879305
27441,0.0001431665,0.0000311886,-0.0004004821,0.0004264450
27442,0.0001439692,0.0000342074,-0.0004056986,0.0004318433
27443,0.0001442584,0.0000372367,-0.0004086390,0.0004349516
27444,0.0001387382,0.0000338356,-0.0003918965,0.0004171043
27445,0.0001341505,0.0000335064,-0.0003782306,0.0004027126
27446,0.0001387370,0.0000308532,-0.0003881784,0.0004133792
27447,0.0001336448,0.0000303040,-0.0003749621,0.0003992191
27448,0.0001392708,0.0000367739,-0.0003937688,0.0004192881
27449,0.0001341593,0.0000366496,-0.0003790183,0.0004037286
27450,0.0001489812,0.0000345670,-0.0004192246,0.0004462505
27451,0.0001541857,0.0000349417,-0.0004328313,0.0004608004
27452,0.0001583140,0.0000343306,-0.0004422591,0.0004709936
27453,0.0001545789,0.0000381227,-0.0004369938,0.0004650931
27454,0.0001494069,0.0000375917,-0.0004227757,0.0004499720
27455,0.0001603123,0.0000386579,-0.0004520159,0.0004811578
27456,0.0001603983,0.0000369461,-0.0004509252,0.0004800272
27457,0.0001521965,0.0000319259,-0.0004241004,0.0004517125
27458,0.0001477947,0.0000316764,-0.0004129529,0.0004397462
27459,0.0001567899,0.0000318209,-0.0004345784,0.0004630919
27460,0.0001737985,0.0000474396,-0.0004920749,0.0005240173
27461,0.0001803608,0.0000478951,-0.0005089488,0.0005420819
27462,0.0001866093,0.0000486803,-0.0005249376,0.0005592426
27463,0.0001934287,0.0000490809,-0.0005413034,0.0005769168
27464,0.0001999456,0.0000496909,-0.0005568025,0.0005936973
27465,0.0002065505,0.0000502505,-0.0005716371,0.0006098830
27466,0.0001873137,0.0000508919,-0.0005280428,0.0005625883
27467,0.0001876906,0.0000528574,-0.0005284900,0.0005633146
27468,0.0001870648,0.0000547429,-0.0005279151,0.0005627472
27469,0.0001866451,0.0000569181,-0.0005262908,0.0005613003
27470,0.0001855145,0.0000590079,-0.0005219889,0.0005571086
27471,0.0001834375,0.0000606269,-0.0005146414,0.0005497096
27472,0.0001810804,0.0000631108,-0.0005060675,0.0005411815
27473,0.0001724712,0.0000535920,-0.0004890275,0.0005213121
27474,0.0001798536,0.0000541336,-0.0005088239,0.0005423831
27475,0.0001695072,0.0000573397,-0.0004788274,0.0005111715
27476,0.0001775372,0.0000579523,-0.0005000023,0.0005337417
27477,0.0001679193,0.0000594411,-0.0004721641,0.0005046475
27478,0.0001754027,0.0000600502,-0.0004925978,0.0005263314
27479,0.0001711914,0.0000552838,-0.0004845104,0.0005168299
27480,0.0001785960,0.0000559550,-0.0005053288,0.0005388736
27481,0.0001737157,0.0000492029,-0.0004928592,0.0005248888
27482,0.0001733601,0.0000518805,-0.0004917810,0.0005240171
27483,0.0001805480,0.0000500370,-0.0005104418,0.0005437390
27484,0.0001804734,0.0000524697,-0.0005103450,0.0005438527
27485,0.0001941890,0.0000576271,-0.0005453290,0.0005817336
27486,0.0002021089,0.0000583051,-0.0005655224,0.0006033764
27487,0.0002098385,0.0000590448,-0.0005848390,0.0006241435
27488,0.0001916231,0.0000614187,-0.0005367294,0.0005732104
27489,0.0001995894,0.0000632927,-0.0005574277,0.0005954557
27490,0.0002084836,0.0000648267,-0.0005797796,0.0006195259
27491,0.0001981077,0.0000648490,-0.0005511207,0.0005892250
27492,0.0001961984,0.0000667592,-0.0005433413,0.0005815242
27493,0.0001899793,0.0000634407,-0.0005293861,0.0005660093
27494,0.0001878905,0.0000654088,-0.0005225278,0.0005591212
27495,0.0002048301,0.0000679884,-0.0005658200,0.0006055824
27496,0.0002027033,0.0000695403,-0.0005581450,0.0005978715
27497,0.0002065411,0.0000663063,-0.0005730518,0.0006127349
27498,0.0002015561,0.0000599561,-0.0005638832,0.0006018171
27499,0.0002021691,0.0000620078,-0.0005646577,0.0006029558
27500,0.0001937507,0.0000598912,-0.0005438749,0.0005804535
27501,0.0002097960,0.0000607430,-0.0005844732,0.0006239495
27502,0.0002096632,0.0000626734,-0.0005832784,0.0006229770
27503,0.0002010614,0.0000520254,-0.0005612917,0.0005984820
27504,0.0002017973,0.0000542177,-0.0005641646,0.0006016173
27505,0.0002018477,0.0000561596,-0.0005655512,0.0006031124
27506,0.0001945369,0.0000536205,-0.0005466560,0.0005827114
27507,0.0001941041,0.0000511533,-0.0005447041,0.0005805132
27508,0.0001944671,0.0000556340,-0.0005467104,0.0005829278
27509,0.0002089821,0.0000546635,-0.0005814799,0.0006203067
27510,0.0002079456,0.0000524995,-0.0005774530,0.0006159947
27511,0.0002096541,0.0000569021,-0.0005840205,0.0006231152
27512,0.0001718339,0.0000402829,-0.0004816950,0.0005130104
27513,0.0001771030,0.0000409082,-0.0004950832,0.0005273958
27514,0.0001826946,0.0000413977,-0.0005080512,0.0005414860
27515,0.0001883177,0.0000417361,-0.0005205622,0.0005551491
27516,0.0001939574,0.0000421187,-0.0005327488,0.0005685198
27517,0.0001997281,0.0000425486,-0.0005450256,0.0005820262
27518,0.0001845054,0.0000438629,-0.0005153257,0.0005491146
27519,0.0001857945,0.0000464581,-0.0005211950,0.0005552677
27520,0.0001786961,0.0000432570,-0.0005014346,0.0005340787
27521,0.0001728334,0.0000427838,-0.0004868371,0.0005183745
27522,0.0001796982,0.0000455779,-0.0005059325,0.0005388288
27523,0.0001733180,0.0000450414,-0.0004899902,0.0005216879
27524,0.0001964072,0.0000452062,-0.0005425768,0.0005787996
27525,0.0001984947,0.0000475468,-0.0005501928,0.0005868330
27526,0.0001906041,0.0000442720,-0.0005289716,0.0005640044
27527,0.0001921488,0.0000465470,-0.0005359284,0.0005712329
27528,0.0002024626,0.0000453411,-0.0005551298,0.0005926349
27529,0.0002047592,0.0000478449,-0.0005643877,0.0006022865
27530,0.0001753624,0.0000325810,-0.0004756648,0.0005080064
27531,0.0001782056,0.0000356371,-0.0004881357,0.0005208682
27532,0.0001804872,0.0000385289,-0.0004985087,0.0005315741
27533,0.0001730669,0.0000354374,-0.0004771728,0.0005088240
27534,0.0001681312,0.0000351652,-0.0004660003,0.0004966497
27535,0.0001705621,0.0000322497,-0.0004657788,0.0004970728
27536,0.0001659334,0.0000322546,-0.0004558644,0.0004861960
27537,0.0001752270,0.0000382794,-0.0004866800,0.0005186783
27538,0.0001701390,0.0000380489,-0.0004748212,0.0005058163
27539,0.0001830613,0.0000356812,-0.0004981681,0.0005319362
27540,0.0001885227,0.0000365796,-0.0005100974,0.0005450488
27541,0.0001946237,0.0000371878,-0.0005220615,0.0005583991
27542,0.0001914419,0.0000393610,-0.0005221411,0.0005575218
27543,0.0001860410,0.0000388355,-0.0005103106,0.0005445516
27544,0.0001968479,0.0000399554,-0.0005335915,0.0005701451
27545,0.0001830003,0.0000310249,-0.0004865503,0.0005207522
27546,0.0001872833,0.0000342247,-0.0005016451,0.0005365577
27547,0.0001801647,0.0000326575,-0.0004846418,0.0005180767
27548,0.0001873113,0.0000304955,-0.0004923695,0.0005276772
27549,0.0001912359,0.0000339329,-0.0005080392,0.0005438993
27550,0.0001350202,0.0000046389,-0.0003245625,0.0003515577
27551,0.0001390465,0.0000087591,-0.0003436196,0.0003707898
27552,0.0001430980,0.0000124858,-0.0003620685,0.0003895209
27553,0.0001467921,0.0000161214,-0.0003792552,0.0004069918
27554,0.0001501909,0.0000196773,-0.0003951520,0.0004231898
27555,0.0001534732,0.0000231369,-0.0004099600,0.0004383567
27556,0.0001563901,0.0000263667,-0.0004233670,0.0004520981
27557,0.0001288477,0.0000175084,-0.0003439507,0.0003677096
27558,0.0001321070,0.0000177892,-0.0003523184,0.0003766922
27559,0.0001349507,0.0000174324,-0.0003582868,0.0003832558
27560,0.0001376454,0.0000169538,-0.0003631662,0.0003887459
27561,0.0001407572,0.0000167752,-0.0003691326,0.0003954148
27562,0.0001435929,0.0000165066,-0.0003741834,0.0004011292
27563,0.0001379809,0.0000213096,-0.0003728876,0.0003981683
27564,0.0001400088,0.0000245391,-0.0003834073,0.0004089081
27565,0.0001343918,0.0000212058,-0.0003637100,0.0003883243
27566,0.0001308690,0.0000209697,-0.0003542273,0.0003782108
27567,0.0001361350,0.0000244777,-0.0003732664,0.0003980700
27568,0.0001321953,0.0000242793,-0.0003631832,0.0003872559
27569,0.0001436201,0.0000200632,-0.0003828520,0.0004093959
27570,0.0001466011,0.0000232202,-0.0003956717,0.0004225958
27571,0.0001487677,0.0000260328,-0.0004068293,0.0004339581
27572,0.0001441948,0.0000253792,-0.0003949206,0.0004211870
27573,0.0001403546,0.0000202843,-0.0003761955,0.0004020372
27574,0.0001433739,0.0000231122,-0.0003886689,0.0004149142
27575,0.0001498619,0.0000230884,-0.0004028778,0.0004304674
27576,0.0001469961,0.0000199171,-0.0003892687,0.0004165750
27577,0.0001527254,0.0000261900,-0.0004153635,0.0004433258
27578,0.0001254919,0.0000064514,-0.0003124280,0.0003367508
27579,0.0001290475,0.0000102265,-0.0003288414,0.0003534042
27580,0.0001320427,0.0000137669,-0.0003440347,0.0003687610
27581,0.0001264181,0.0000104831,-0.0003237559,0.0003477202
27582,0.0001237867,0.0000104101,-0.0003182957,0.0003416778
27583,0.0001232602,0.0000067273,-0.0003083629,0.0003321536
27584,0.0001209362,0.0000066976,-0.0003034655,0.0003267441
27585,0.0001291301,0.0000139365,-0.0003383841,0.0003624536
27586,0.0001262755,0.0000138961,-0.0003317988,0.0003552873
27587,0.0001365657,0.0000094137,-0.0003407771,0.0003672436
27588,0.0001340384,0.0000098130,-0.0003371872,0.0003629845
27589,0.0001315063,0.0000100913,-0.0003333014,0.0003584488
27590,0.0001301713,0.0000059714,-0.0003196218,0.0003451642
27591,0.0001325941,0.0000054699,-0.0003225005,0.0003487372
27592,0.0001279006,0.0000062783,-0.0003161834,0.0003411303
27593,0.0001374803,0.0000133229,-0.0003539148,0.0003799132
27594,0.0001402457,0.0000130071,-0.0003580913,0.0003847953
27595,0.0001348307,0.0000135149,-0.0003490434,0.0003744239
27596,0.0001498373,0.0000159248,-0.0003839268,0.0004124373
27597,0.0001528435,0.0000154100,-0.0003878585,0.0004171724
27598,0.0001560961,0.0000146912,-0.0003913577,0.0004215954
27599,0.0001592415,0.0000137760,-0.0003944080,0.0004255647
27600,0.0001623569,0.0000129282,-0.0003971406,0.0004292407
27601,0.0001654230,0.0000117040,-0.0003991266,0.0004322081
27602,0.0001602636,0.0000185027,-0.0004104772,0.0004410423
27603,0.0001642541,0.0000220340,-0.0004281772,0.0004591303
27604,0.0001682951,0.0000257134,-0.0004451572,0.0004766019
27605,0.0001606722,0.0000225623,-0.0004226222,0.0004526965
27606,0.0001572228,0.0000228907,-0.0004166905,0.0004459529
27607,0.0001569831,0.0000188936,-0.0004060355,0.0004357356
27608,0.0001534827,0.0000193681,-0.0004007696,0.0004295908
27609,0.0001643691,0.0000260880,-0.0004389214,0.0004694143
27610,0.0001604692,0.0000260021,-0.0004311573,0.0004607853
27611,0.0001746931,0.0000198645,-0.0004394982,0.0004733613
27612,0.0001712970,0.0000206377,-0.0004365208,0.0004693815
27613,0.0001679361,0.0000212089,-0.0004328327,0.0004647543
27614,0.0001668552,0.0000168389,-0.0004170403,0.0004494962
27615,0.0001701631,0.0000158856,-0.0004197233,0.0004531837
27616,0.0001637238,0.0000177162,-0.0004142043,0.0004457404
27617,0.0001756502,0.0000243112,-0.0004546051,0.0004879650
27618,0.0001791314,0.0000236600,-0.0004583428,0.0004926723
27619,0.0001719416,0.0000251422,-0.0004502312,0.0004826015
27620,0.0001421451,0.0000015451,-0.0003269891,0.0003565523
27621,0.0001467862,0.0000061480,-0.0003494919,0.0003791155
27622,0.0001515131,0.0000104758,-0.0003710740,0.0004009512
27623,0.0001441897,0.0000071499,-0.0003481253,0.0003768727
27624,0.0001416037,0.0000080314,-0.0003462101,0.0003741357
27625,0.0001395939,0.0000027252,-0.0003266295,0.0003552192
27626,0.0001372727,0.0000037648,-0.0003258048,0.0003535629
27627,0.0001486958,0.0000113126,-0.0003684889,0.0003975204
27628,0.0001457327,0.0000120742,-0.0003654566,0.0003936272
27629,0.0001502021,0.0000055706,-0.0003538627,0.0003844614
27630,0.0001536945,0.0000048155,-0.0003575324,0.0003891974
27631,0.0001561788,0.0000032683,-0.0003568446,0.0003895389
27632,0.0001578055,0.0000088753,-0.0003768768,0.0004086777
27633,0.0001545205,0.0000097309,-0.0003740231,0.0004048019
27634,0.0001608552,0.0000076046,-0.0003782294,0.0004110836
27635,0.0001444676,-0.0000035133,-0.0003154367,0.0003469633
27636,0.0001492619,0.0000006688,-0.0003365259,0.0003681430
27637,0.0001425207,-0.0000014839,-0.0003184109,0.0003488550
27638,0.0001472963,0.0000021425,-0.0003381514,0.0003688457
27639,0.0001463998,-0.0000055887,-0.0003122801,0.0003449391
27640,0.0001512948,-0.0000011144,-0.0003345038,0.0003671296
27641,0.0000910415,-0.0000266551,-0.0001491495,0.0001767615
27642,0.0000913431,-0.0000278554,-0.0001447713,0.0001734307
27643,0.0000916231,-0.0000293086,-0.0001399920,0.0001698574
27644,0.0000922375,-0.0000307269,-0.0001358859,0.0001670834
27645,0.0000929199,-0.0000323820,-0.0001313478,0.0001641187
27646,0.0000934282,-0.0000345117,-0.0001253510,0.0001601023
27647,0.0000938215,-0.0000370451,-0.0001178229,0.0001551033
27648,0.0000938367,-0.0000400543,-0.0001081797,0.0001487028
27649,0.0000935813,-0.0000436798,-0.0000962895,0.0001411986
27650,0.0000939112,-0.0000473076,-0.0000853770,0.0001354495
27651,0.0000941875,-0.0000512434,-0.0000740688,0.0001303202
27652,0.0000943333,-0.0000553663,-0.0000618610,0.0001256622
27653,0.0000944585,-0.0000598336,-0.0000487545,0.0001219815
27654,0.0000982253,-0.0000322118,-0.0001415007,0.0001752377
27655,0.0001027520,-0.0000273203,-0.0001656589,0.0001968432
27656,0.0001075301,-0.0000223451,-0.0001898655,0.0002193420
27657,0.0001123779,-0.0000174718,-0.0002145027,0.0002427869
27658,0.0001171328,-0.0000126779,-0.0002378909,0.0002654673
27659,0.0001217314,-0.0000081749,-0.0002608106,0.0002879367
27660,0.0001263424,-0.0000036957,-0.0002830328,0.0003099736
27661,0.0001070390,-0.0000093487,-0.0002325548,0.0002561767
27662,0.0001083449,-0.0000099290,-0.0002325924,0.0002567809
27663,0.0001090410,-0.0000110318,-0.0002298931,0.0002546811
27664,0.0001094893,-0.0000126175,-0.0002253652,0.0002508716
27665,0.0001103638,-0.0000141203,-0.0002219390,0.0002482669
27666,0.0001113178,-0.0000157220,-0.0002183589,0.0002456002
27667,0.0001138454,-0.0000062662,-0.0002536401,0.0002780887
27668,0.0001178638,-0.0000015856,-0.0002746342,0.0002988617
27669,0.0001122385,-0.0000056651,-0.0002531031,0.0002769310
27670,0.0001109035,-0.0000052238,-0.0002521957,0.0002755532
27671,0.0001163343,-0.0000013149,-0.0002727876,0.0002965611
27672,0.0001145631,-0.0000009510,-0.0002708473,0.0002940814
27673,0.0001146930,-0.0000097957,-0.0002432811,0.0002691397
27674,0.0001188954,-0.0000055387,-0.0002638740,0.0002894759
27675,0.0001230296,-0.0000015131,-0.0002837558,0.0003092830
27676,0.0001203660,-0.0000014157,-0.0002796186,0.0003044282
27677,0.0001136443,-0.0000085093,-0.0002459236,0.0002710459
27678,0.0001177373,-0.0000045887,-0.0002649383,0.0002899576
27679,0.0001203214,-0.0000067432,-0.0002624485,0.0002887939
27680,0.0001158560,-0.0000111370,-0.0002407565,0.0002674142
27681,0.0001245804,-0.0000025765,-0.0002836237,0.0003097892
27682,0.0000960112,-0.0000246610,-0.0001629737,0.0001907531
27683,0.0001003098,-0.0000201170,-0.0001855228,0.0002118619
27684,0.0001045657,-0.0000156259,-0.0002075779,0.0002329522
27685,0.0000996726,-0.0000189450,-0.0001888272,0.0002143577
27686,0.0000990827,-0.0000179778,-0.0001913698,0.0002162475
27687,0.0000955268,-0.0000233582,-0.0001670450,0.0001938428
27688,0.0000950552,-0.0000222822,-0.0001702272,0.0001962378
27689,0.0001039368,-0.0000144981,-0.0002105530,0.0002352566
27690,0.0001031787,-0.0000136248,-0.0002124229,0.0002365480
27691,0.0001021068,-0.0000251252,-0.0001715086,0.0002011772
27692,0.0001015124,-0.0000232210,-0.0001768361,0.0002052194
27693,0.0001009014,-0.0000215516,-0.0001814054,0.0002086947
27694,0.0000971129,-0.0000278545,-0.0001537580,0.0001839791
27695,0.0000976643,-0.0000298821,-0.0001480311,0.0001798457
27696,0.0000965421,-0.0000261249,-0.0001586415,0.0001875367
27697,0.0001059899,-0.0000186235,-0.0001997217,0.0002268688
27698,0.0001067889,-0.0000203374,-0.0001952232,0.0002234493
27699,0.0001051978,-0.0000170477,-0.0002037326,0.0002299221
27700,0.0001130728,-0.0000196281,-0.0002086387,0.0002381194
27701,0.0001136040,-0.0000223085,-0.0002011920,0.0002321244
27702,0.0001146875,-0.0000248575,-0.0001950203,0.0002276050
27703,0.0001156782,-0.0000277402,-0.0001879113,0.0002223997
27704,0.0001164482,-0.0000310258,-0.0001792776,0.0002160167
27705,0.0001170468,-0.0000345521,-0.0001693742,0.0002087617
27706,0.0001190299,-0.0000204865,-0.0002170181,0.0002483640
27707,0.0001236050,-0.0000161961,-0.0002385242,0.0002691362
27708,0.0001280797,-0.0000117779,-0.0002603035,0.0002903465
27709,0.0001320476,-0.0000075964,-0.0002804721,0.0003100949
27710,0.0001232242,-0.0000095916,-0.0002589837,0.0002869647
27711,0.0001256859,-0.0000105181,-0.0002604288,0.0002893627
27712,0.0001281514,-0.0000049436,-0.0002823255,0.0003100886
27713,0.0001301535,-0.0000061736,-0.0002818889,0.0003105469
27714,0.0001184924,-0.0000144333,-0.0002346470,0.0002632641
27715,0.0001180531,-0.0000178931,-0.0002232304,0.0002531570
27716,0.0001226122,-0.0000141032,-0.0002433670,0.0002728739
27717,0.0001266855,-0.0000245993,-0.0002179737,0.0002533118
27718,0.0001258125,-0.0000214595,-0.0002259611,0.0002595144
27719,0.0001247199,-0.0000186730,-0.0002327472,0.0002647168
27720,0.0001210926,-0.0000261967,-0.0002026378,0.0002375116
27721,0.0001217905,-0.0000295754,-0.0001937184,0.0002307259
27722,0.0001201553,-0.0000231888,-0.0002103356,0.0002433435
27723,0.0001352869,-0.0000122129,-0.0002719196,0.0003039605
27724,0.0001305564,-0.0000168093,-0.0002490862,0.0002817294
27725,0.0001365751,-0.0000148918,-0.0002659387,0.0002993291
27726,0.0001316243,-0.0000197052,-0.0002420846,0.0002762575
27727,0.0001338390,-0.0000096690,-0.0002769902,0.0003077823
27728,0.0001293117,-0.0000141923,-0.0002552195,0.0002864610
27729,0.0000980031,-0.0000427120,-0.0001079517,0.0001519293
27730,0.0001022343,-0.0000383335,-0.0001296451,0.0001694968
27731,0.0001064901,-0.0000337472,-0.0001519565,0.0001885996
27732,0.0001103928,-0.0000293420,-0.0001730289,0.0002073319
27733,0.0001034485,-0.0000295833,-0.0001594313,0.0001923411
27734,0.0001050105,-0.0000313394,-0.0001565959,0.0001911325
27735,0.0001081569,-0.0000245238,-0.0001840143,0.0002148502
27736,0.0001092035,-0.0000268352,-0.0001786681,0.0002111109
27737,0.0000988184,-0.0000348748,-0.0001340716,0.0001701662
27738,0.0000977975,-0.0000391366,-0.0001185968,0.0001586229
27739,0.0001019188,-0.0000353358,-0.0001382748,0.0001753738
27740,0.0001031024,-0.0000496904,-0.0000966249,0.0001497852
27741,0.0001029312,-0.0000455468,-0.0001088120,0.0001565548
27742,0.0001025771,-0.0000417345,-0.0001198330,0.0001631679
27743,0.0000985475,-0.0000503851,-0.0000853162,0.0001397466
27744,0.0000987319,-0.0000547491,-0.0000726180,0.0001342342
27745,0.0000983570,-0.0000464148,-0.0000971286,0.0001458163
27746,0.0001118678,-0.0000358563,-0.0001558253,0.0001951451
27747,0.0001074265,-0.0000406782,-0.0001323166,0.0001752223
27748,0.0001123962,-0.0000395666,-0.0001451023,0.0001877581
27749,0.0001076317,-0.0000446493,-0.0001207942,0.0001678373
27750,0.0001113156,-0.0000323584,-0.0001655363,0.0002020903
27751,0.0001069321,-0.0000370749,-0.0001426891,0.0001821241
27752,0.0000664432,-0.0000690611,0.0000384116,0.0001032452
27753,0.0000698990,-0.0000647912,0.0000174259,0.0000968888
27754,0.0000734254,-0.0000602621,-0.0000041217,0.0000950779
27755,0.0000772693,-0.0000558485,-0.0000259426,0.0000988059
27756,0.0000812053,-0.0000512815,-0.0000481976,0.0001074574
27757,0.0000851162,-0.0000466305,-0.0000706608,0.0001200505
27758,0.0000892742,-0.0000419002,-0.0000937451,0.0001360649
27759,0.0000787039,-0.0000400624,-0.0000832366,0.0001213575
27760,0.0000786556,-0.0000418368,-0.0000761741,0.0001172157
27761,0.0000782626,-0.0000440383,-0.0000672659,0.0001122012
27762,0.0000775880,-0.0000469025,-0.0000562111,0.0001066744
27763,0.0000772918,-0.0000496447,-0.0000463847,0.0001029085
27764,0.0000773317,-0.0000525703,-0.0000363169,0.0001003132
27765,0.0000827824,-0.0000391230,-0.0000919943,0.0001297940
27766,0.0000872195,-0.0000341244,-0.0001163305,0.0001493469
27767,0.0000827389,-0.0000372468,-0.0000988824,0.0001342042
27768,0.0000828097,-0.0000356175,-0.0001051122,0.0001384724
27769,0.0000870229,-0.0000325394,-0.0001219433,0.0001533035
27770,0.0000869561,-0.0000311187,-0.0001273196,0.0001572896
27771,0.0000811042,-0.0000452811,-0.0000676439,0.0001149085
27772,0.0000850287,-0.0000411402,-0.0000885541,0.0001294767
27773,0.0000890741,-0.0000367272,-0.0001103249,0.0001464742
27774,0.0000881776,-0.0000351883,-0.0001140806,0.0001484180
27775,0.0000814303,-0.0000426289,-0.0000772178,0.0001200446
27776,0.0000851557,-0.0000389007,-0.0000963634,0.0001343528
27777,0.0000850621,-0.0000436873,-0.0000799920,0.0001246710
27778,0.0000811311,-0.0000482086,-0.0000580897,0.0001108185
27779,0.0000891557,-0.0000391575,-0.0001025492,0.0001414157
27780,0.0000664546,-0.0000573427,-0.0000015648,0.0000877886
27781,0.0000701743,-0.0000530502,-0.0000228491,0.0000908892
27782,0.0000741873,-0.0000486925,-0.0000445345,0.0000992876
27783,0.0000705686,-0.0000508215,-0.0000316001,0.0000925274
27784,0.0000708130,-0.0000487508,-0.0000400638,0.0000948485
27785,0.0000667547,-0.0000550470,-0.0000105522,0.0000871649
27786,0.0000671125,-0.0000529097,-0.0000191569,0.0000875815
27787,0.0000744823,-0.0000463640,-0.0000535882,0.0001028053
27788,0.0000747870,-0.0000444037,-0.0000616218,0.0001065928
27789,0.0000698376,-0.0000614390,0.0000066861,0.0000932563
27790,0.0000700260,-0.0000583519,-0.0000036043,0.0000912227
27791,0.0000700571,-0.0000556345,-0.0000134507,0.0000904661
27792,0.0000664882,-0.0000626991,0.0000171428,0.0000929825
27793,0.0000663958,-0.0000657322,0.0000274431,0.0000973769
27794,0.0000666200,-0.0000599148,0.0000075577,0.0000899174
27795,0.0000736296,-0.0000539778,-0.0000250921,0.0000946812
27796,0.0000735490,-0.0000570863,-0.0000145364,0.0000942316
27797,0.0000737902,-0.0000512954,-0.0000348604,0.0000963922
27798,0.0000772808,-0.0000591576,-0.0000154230,0.0000985384
27799,0.0000774861,-0.0000626602,-0.0000045745,0.0000997563
27800,0.0000777318,-0.0000665397,0.0000067274,0.0001025428
27801,0.0000780829,-0.0000705812,0.0000182204,0.0001068205
27802,0.0000783992,-0.0000747905,0.0000303775,0.0001125293
27803,0.0000786096,-0.0000793110,0.0000433351,0.0001197816
27804,0.0000816231,-0.0000617306,-0.0000162223,0.0001036155
27805,0.0000857098,-0.0000568911,-0.0000392816,0.0001101173
27806,0.0000897607,-0.0000521142,-0.0000625350,0.0001211755
27807,0.0000853543,-0.0000532345,-0.0000503448,0.0001124894
27808,0.0000852909,-0.0000497706,-0.0000607918,0.0001159624
27809,0.0000814242,-0.0000579507,-0.0000275058,0.0001036569
27810,0.0000812074,-0.0000544746,-0.0000379552,0.0001048938
27811,0.0000895711,-0.0000484415,-0.0000733379,0.0001254910
27812,0.0000894390,-0.0000450309,-0.0000839810,0.0001306902
27813,0.0000862732,-0.0000697767,-0.0000017244,0.0001109722
27814,0.0000860232,-0.0000652672,-0.0000150394,0.0001090229
27815,0.0000858822,-0.0000609282,-0.0000275848,0.0001088528
27816,0.0000821187,-0.0000701261,0.0000079532,0.0001082793
27817,0.0000822832,-0.0000747065,0.0000212313,0.0001131475
27818,0.0000819105,-0.0000658275,-0.0000044701,0.0001051788
27819,0.0000901632,-0.0000603611,-0.0000383420,0.0001150781
27820,0.0000902802,-0.0000648541,-0.0000251712,0.0001139744
27821,0.0000900406,-0.0000560946,-0.0000508374,0.0001176365
27822,0.0000669231,-0.0000810896,0.0000747310,0.0001289920
27823,0.0000702298,-0.0000760615,0.0000520543,0.0001158759
27824,0.0000738793,-0.0000713081,0.0000294878,0.0001068294
27825,0.0000700944,-0.0000721293,0.0000402870,0.0001083462
27826,0.0000699696,-0.0000682974,0.0000286653,0.0001018920
27827,0.0000666493,-0.0000767837,0.0000620026,0.0001190890
27828,0.0000665310,-0.0000728282,0.0000500466,0.0001106119
27829,0.0000737555,-0.0000674313,0.0000179468,0.0001015329
27830,0.0000735459,-0.0000637054,0.0000066994,0.0000975308
27831,0.0000711937,-0.0000795249,0.0000609532,0.0001229148
27832,0.0000719647,-0.0000837118,0.0000719121,0.0001317495
27833,0.0000722811,-0.0000882418,0.0000852879,0.0001424261
27834,0.0000749194,-0.0000794005,0.0000517788,0.0001208239
27835,0.0000744765,-0.0000752080,0.0000403409,0.0001132713
27836,0.0000753597,-0.0000839433,0.0000644804,0.0001299357
27837,0.0000662764,-0.0000913529,0.0001085568,0.0001565966
27838,0.0000689754,-0.0000878652,0.0000913671,0.0001443116
27839,0.0000663160,-0.0000864931,0.0000937648,0.0001437731
27840,0.0000689159,-0.0000836842,0.0000786327,0.0001339237
27841,0.0000663370,-0.0000964016,0.0001234597,0.0001701064
27842,0.0000692276,-0.0000924540,0.0001050115,0.0001561013
27843,0.0000307936,-0.0000951796,0.0001984191,0.0002222105
27844,0.0000309942,-0.0000978989,0.0002092804,0.0002331162
27845,0.0000314203,-0.0001005236,0.0002199089,0.0002438281
27846,0.0000322813,-0.0001032705,0.0002305312,0.0002546596
27847,0.0000330640,-0.0001062854,0.0002415612,0.0002659730
27848,0.0000338181,-0.0001094513,0.0002528874,0.0002776243
27849,0.0000343012,-0.0001128278,0.0002642116,0.0002893345
27850,0.0000351919,-0.0001163025,0.0002755586,0.0003011599
27851,0.0000360007,-0.0001199169,0.0002869776,0.0003131011
27852,0.0000368223,-0.0001234052,0.0002980987,0.0003247269
27853,0.0000373957,-0.0001272213,0.0003101036,0.0003372654
27854,0.0000382144,-0.0001310256,0.0003217520,0.0003495030
27855,0.0000390752,-0.0001349052,0.0003333801,0.0003617576
27856,0.0000427028,-0.0000817926,0.0001249209,0.0001553023
27857,0.0000424366,-0.0000844614,0.0001361694,0.0001657610
27858,0.0000423646,-0.0000874050,0.0001472878,0.0001764315
27859,0.0000426176,-0.0000903791,0.0001583265,0.0001872216
27860,0.0000428729,-0.0000936762,0.0001696005,0.0001984380
27861,0.0000432522,-0.0000972808,0.0001820179,0.0002108668
27862,0.0000433156,-0.0001009898,0.0001949291,0.0002237689
27863,0.0000435625,-0.0001049966,0.0002081324,0.0002371520
27864,0.0000440391,-0.0001092981,0.0002226517,0.0002519113
27865,0.0000442867,-0.0001137033,0.0002368235,0.0002664116
27866,0.0000445871,-0.0001184494,0.0002511189,0.0002812098
27867,0.0000454370,-0.0001232003,0.0002655566,0.0002962484
27868,0.0000459753,-0.0001280520,0.0002799458,0.0003112567
27869,0.0000451874,-0.0000983681,0.0001814725,0.0002113066
27870,0.0000470312,-0.0000953618,0.0001665263,0.0001975773
27871,0.0000494049,-0.0000922019,0.0001507465,0.0001834844
27872,0.0000517455,-0.0000889121,0.0001341497,0.0001690535
27873,0.0000544563,-0.0000853900,0.0001164599,0.0001543369
27874,0.0000572537,-0.0000814549,0.0000977982,0.0001395614
27875,0.0000601579,-0.0000773293,0.0000786580,0.0001256419
27876,0.0000534789,-0.0000688284,0.0000600541,0.0001058482
27877,0.0000531679,-0.0000714388,0.0000705012,0.0001135815
27878,0.0000526660,-0.0000743444,0.0000822115,0.0001227172
27879,0.0000519032,-0.0000778829,0.0000959989,0.0001340726
27880,0.0000516307,-0.0000813720,0.0001085793,0.0001451778
27881,0.0000517919,-0.0000850835,0.0001213761,0.0001570151
27882,0.0000560693,-0.0000703667,0.0000620581,0.0001092998
27883,0.0000593836,-0.0000659717,0.0000405965,0.0000976051
27884,0.0000562909,-0.0000675728,0.0000514277,0.0001018801
27885,0.0000566794,-0.0000650169,0.0000412892,0.0000956272
27886,0.0000596957,-0.0000634561,0.0000311401,0.0000925200
27887,0.0000598904,-0.0000612086,0.0000216251,0.0000883232
27888,0.0000544378,-0.0000778595,0.0000913982,0.0001318302
27889,0.0000572446,-0.0000744694,0.0000743600,0.0001198000
27890,0.0000603508,-0.0000706390,0.0000557252,0.0001083392
27891,0.0000598306,-0.0000680171,0.0000473343,0.0001022085
27892,0.0000547255,-0.0000743131,0.0000788759,0.0001214032
27893,0.0000574209,-0.0000715040,0.0000636055,0.0001116048
27894,0.0000571727,-0.0000777200,0.0000859074,0.0001291867
27895,0.0000545033,-0.0000815911,0.0001038287,0.0001428570
27896,0.0000600806,-0.0000738919,0.0000668238,0.0001163405
27897,0.0000446595,-0.0000844386,0.0001327763,0.0001635662
27898,0.0000469403,-0.0000812645,0.0001170366,0.0001500163
27899,0.0000497090,-0.0000780714,0.0001004377,0.0001365791
27900,0.0000473572,-0.0000784286,0.0001056682,0.0001398553
27901,0.0000477715,-0.0000757738,0.0000947416,0.0001303831
27902,0.0000446253,-0.0000814142,0.0001211882,0.0001526639
27903,0.0000451425,-0.0000788385,0.0001102583,0.0001428644
27904,0.0000502195,-0.0000751385,0.0000887586,0.0001266723
27905,0.0000505313,-0.0000724460,0.0000778839,0.0001177613
27906,0.0000469276,-0.0000915454,0.0001537700,0.0001850080
27907,0.0000468931,-0.0000879131,0.0001412415,0.0001728492
27908,0.0000469736,-0.0000844271,0.0001288782,0.0001610715
27909,0.0000446976,-0.0000909004,0.0001561545,0.0001861317
27910,0.0000448922,-0.0000945342,0.0001685441,0.0001983913
27911,0.0000446871,-0.0000875547,0.0001440992,0.0001744343
27912,0.0000493260,-0.0000846468,0.0001252837,0.0001590413
27913,0.0000492642,-0.0000883022,0.0001378722,0.0001709765
27914,0.0000492856,-0.0000813432,0.0001128635,0.0001475938
27915,0.0000516398,-0.0000928510,0.0001474560,0.0001817450
27916,0.0000518483,-0.0000972880,0.0001620873,0.0001960242
27917,0.0000520623,-0.0001018589,0.0001761465,0.0002100317
27918,0.0000524955,-0.0001065414,0.0001903967,0.0002244053
27919,0.0000527493,-0.0001115671,0.0002055071,0.0002397142
27920,0.0000529946,-0.0001167074,0.0002210525,0.0002555254
27921,0.0000539701,-0.0000988784,0.0001614305,0.0001968490
27922,0.0000562079,-0.0000960778,0.0001472386,0.0001845792
27923,0.0000584613,-0.0000926172,0.0001310714,0.0001708080
27924,0.0000608237,-0.0000890397,0.0001142157,0.0001570759
27925,0.0000572555,-0.0000851862,0.0001098366,0.0001503295
27926,0.0000579157,-0.0000884767,0.0001191057,0.0001592750
27927,0.0000601493,-0.0000809895,0.0000902816,0.0001353809
27928,0.0000604166,-0.0000848473,0.0001017846,0.0001456342
27929,0.0000545132,-0.0000894174,0.0001294554,0.0001665108
27930,0.0000539921,-0.0000943362,0.0001469455,0.0001827770
27931,0.0000561804,-0.0000919960,0.0001345119,0.0001723745
27932,0.0000567674,-0.0001106109,0.0001914616,0.0002282868
27933,0.0000565959,-0.0001054961,0.0001760286,0.0002128817
27934,0.0000563599,-0.0001006075,0.0001610840,0.0001981069
27935,0.0000545852,-0.0001085576,0.0001911194,0.0002264750
27936,0.0000547835,-0.0001137413,0.0002066645,0.0002421746
27937,0.0000542117,-0.0001035445,0.0001761056,0.0002113612
27938,0.0000612040,-0.0000986742,0.0001435482,0.0001846310
27939,0.0000588190,-0.0001022325,0.0001601222,0.0001988726
27940,0.0000612110,-0.0001038115,0.0001587947,0.0001993474
27941,0.0000588938,-0.0001073282,0.0001755349,0.0002140101
27942,0.0000611194,-0.0000938423,0.0001285397,0.0001704829
27943,0.0000587309,-0.0000973352,0.0001452649,0.0001844596
27944,0.0000455082,-0.0001117593,0.0002259254,0.0002561317
27945,0.0000471015,-0.0001098311,0.0002153890,0.0002463206
27946,0.0000486993,-0.0001074703,0.0002029716,0.0002347742
27947,0.0000503673,-0.0001046158,0.0001897217,0.0002224313
27948,0.0000473176,-0.0000992625,0.0001793062,0.0002103395
27949,0.0000480539,-0.0001029414,0.0001901937,0.0002215395
27950,0.0000495465,-0.0000961311,0.0001638216,0.0001962997
27951,0.0000497930,-0.0001003096,0.0001766983,0.0002091977
27952,0.0000454793,-0.0001025454,0.0001949142,0.0002248900
27953,0.0000453521,-0.0001072509,0.0002115859,0.0002415122
27954,0.0000467270,-0.0001058717,0.0002024832,0.0002332202
27955,0.0000483432,-0.0001241916,0.0002589843,0.0002912619
27956,0.0000478931,-0.0001192652,0.0002437499,0.0002755575
27957,0.0000474429,-0.0001143588,0.0002292870,0.0002605788
27958,0.0000465402,-0.0001212529,0.0002550397,0.0002862053
27959,0.0000471227,-0.0001261674,0.0002699770,0.0003017057
27960,0.0000459911,-0.0001164166,0.0002403725,0.0002710109
27961,0.0000510265,-0.0001143778,0.0002191649,0.0002524267
27962,0.0000493699,-0.0001168954,0.0002320170,0.0002644500
27963,0.0000513672,-0.0001194835,0.0002345081,0.0002681584
27964,0.0000497301,-0.0001220058,0.0002471988,0.0002801174
27965,0.0000507576,-0.0001093964,0.0002040720,0.0002370428
27966,0.0000491362,-0.0001120571,0.0002171687,0.0002492657
27967,0.0000351674,-0.0001121887,0.0002587373,0.0002841972
27968,0.0000361156,-0.0001112960,0.0002522382,0.0002780562
27969,0.0000369503,-0.0001100815,0.0002449110,0.0002710437
27970,0.0000379718,-0.0001087578,0.0002367698,0.0002633060
27971,0.0000390716,-0.0001071767,0.0002277811,0.0002547502
27972,0.0000402913,-0.0001052730,0.0002179175,0.0002453443
27973,0.0000416072,-0.0001033678,0.0002071643,0.0002352299
27974,0.0000363091,-0.0000890043,0.0001631355,0.0001893497
27975,0.0000364398,-0.0000919338,0.0001748449,0.0002008742
27976,0.0000367105,-0.0000948420,0.0001866873,0.0002125907
27977,0.0000366394,-0.0000981316,0.0001996160,0.0002254303
27978,0.0000370298,-0.0001015812,0.0002120093,0.0002379871
27979,0.0000375134,-0.0001051316,0.0002242063,0.0002504563
27980,0.0000383732,-0.0000927382,0.0001751223,0.0002018432
27981,0.0000402933,-0.0000900880,0.0001614255,0.0001892025
27982,0.0000381818,-0.0000896257,0.0001631764,0.0001900451
27983,0.0000382349,-0.0000868769,0.0001516655,0.0001789188
27984,0.0000401377,-0.0000871835,0.0001501350,0.0001781924
27985,0.0000404489,-0.0000843569,0.0001385749,0.0001671981
27986,0.0000382287,-0.0000998445,0.0002027150,0.0002291805
27987,0.0000396798,-0.0000980566,0.0001933310,0.0002203780
27988,0.0000412671,-0.0000961128,0.0001822498,0.0002101324
27989,0.0000408352,-0.0000928266,0.0001709606,0.0001987758
27990,0.0000381485,-0.0000963454,0.0001898770,0.0002163123
27991,0.0000396115,-0.0000950204,0.0001818627,0.0002089785
27992,0.0000398948,-0.0001016425,0.0002054813,0.0002326916
27993,0.0000386394,-0.0001034221,0.0002152200,0.0002418859
27994,0.0000415567,-0.0000995891,0.0001945137,0.0002224422
27995,0.0000325807,-0.0000993899,0.0002130500,0.0002373397
27996,0.0000338371,-0.0000981531,0.0002054409,0.0002301846
27997,0.0000351256,-0.0000966521,0.0001966145,0.0002218844
27998,0.0000334771,-0.0000953465,0.0001941874,0.0002189073
27999,0.0000330863,-0.0000926480,0.0001829014,0.0002076807
28000,0.0000321613,-0.0000965445,0.0002021013,0.0002262745
28001,0.0000318535,-0.0000939516,0.0001909779,0.0002152071
28002,0.0000349221,-0.0000936217,0.0001847636,0.0002100528
28003,0.0000345235,-0.0000909425,0.0001735631,0.0001989637
28004,0.0000353745,-0.0001077680,0.0002403698,0.0002657874
28005,0.0000349052,-0.0001043207,0.0002284793,0.0002535823
28006,0.0000342569,-0.0001011482,0.0002170540,0.0002419027
28007,0.0000338888,-0.0001054499,0.0002354475,0.0002601992
28008,0.0000345278,-0.0001087664,0.0002469012,0.0002719973
28009,0.0000331934,-0.0001023642,0.0002240419,0.0002485458
28010,0.0000359275,-0.0001031396,0.0002205533,0.0002461144
28011,0.0000365012,-0.0001065150,0.0002328928,0.0002586829
28012,0.0000354364,-0.0000998357,0.0002086008,0.0002339599
28013,0.0000384151,-0.0001124401,0.0002491499,0.0002760329
28014,0.0000390942,-0.0001163982,0.0002617096,0.0002890827
28015,0.0000398535,-0.0001205184,0.0002741181,0.0003020823
28016,0.0000404756,-0.0001246356,0.0002866887,0.0003152185
28017,0.0000415189,-0.0001288478,0.0002994955,0.0003286687
28018,0.0000422031,-0.0001333715,0.0003124926,0.0003423750
28019,0.0000407831,-0.0001190992,0.0002661732,0.0002944419
28020,0.0000419414,-0.0001175857,0.0002569596,0.0002856811
28021,0.0000430015,-0.0001158299,0.0002473348,0.0002764782
28022,0.0000412122,-0.0001133259,0.0002438639,0.0002720493
28023,0.0000407552,-0.0001092245,0.0002308189,0.0002585892
28024,0.0000400429,-0.0001149685,0.0002530411,0.0002808042
28025,0.0000396963,-0.0001110222,0.0002403969,0.0002677543
28026,0.0000424354,-0.0001113183,0.0002336191,0.0002622411
28027,0.0000420773,-0.0001071256,0.0002200777,0.0002483558
28028,0.0000438913,-0.0001311318,0.0002979058,0.0003284355
28029,0.0000432055,-0.0001264751,0.0002841640,0.0003140252
28030,0.0000425306,-0.0001219842,0.0002705309,0.0002997932
28031,0.0000422664,-0.0001278516,0.0002921005,0.0003216445
28032,0.0000430425,-0.0001323573,0.0003056188,0.0003358183
28033,0.0000414740,-0.0001233614,0.0002789698,0.0003078348
28034,0.0000442045,-0.0001249248,0.0002752047,0.0003054470
28035,0.0000448786,-0.0001296891,0.0002893785,0.0003202707
28036,0.0000436091,-0.0001201584,0.0002610108,0.0002906311
28037,0.0000374796,-0.0001233572,0.0002945185,0.0003215010
28038,0.0000380686,-0.0001223270,0.0002879931,0.0003152033
28039,0.0000389061,-0.0001215064,0.0002815111,0.0003090728
28040,0.0000374134,-0.0001185767,0.0002762003,0.0003028974
28041,0.0000366470,-0.0001148027,0.0002640337,0.0002902352
28042,0.0000366452,-0.0001193977,0.0002823183,0.0003087107
28043,0.0000358269,-0.0001157033,0.0002705154,0.0002963940
28044,0.0000382339,-0.0001175236,0.0002691176,0.0002961383
28045,0.0000375300,-0.0001138369,0.0002572027,0.0002837615
28046,0.0000389894,-0.0001262603,0.0002993300,0.0003272007
28047,0.0000399509,-0.0001307508,0.0003118124,0.0003404685
28048,0.0000407530,-0.0001348153,0.0003237298,0.0003530396
28049,0.0000406180,-0.0001297730,0.0003058983,0.0003347605
28050,0.0000397740,-0.0001254594,0.0002935197,0.0003216766
28051,0.0000414461,-0.0001341178,0.0003183749,0.0003479482
28052,0.0000386727,-0.0001311237,0.0003190454,0.0003471008
28053,0.0000392963,-0.0001310874,0.0003161367,0.0003444859
28054,0.0000379047,-0.0001269762,0.0003067876,0.0003341831
28055,0.0000386204,-0.0001275376,0.0003053152,0.0003331287
28056,0.0000395837,-0.0001351352,0.0003308313,0.0003595522
28057,0.0000401332,-0.0001351067,0.0003277362,0.0003567570
28058,0.0000254415,-0.0000969153,0.0002226502,0.0002441576
28059,0.0000261796,-0.0000989668,0.0002318602,0.0002534541
28060,0.0000269925,-0.0001011284,0.0002411281,0.0002628655
28061,0.0000278188,-0.0001033861,0.0002502773,0.0002722155
28062,0.0000286709,-0.0001057411,0.0002595619,0.0002817367
28063,0.0000295274,-0.0001082984,0.0002688298,0.0002913244
28064,0.0000303730,-0.0001108215,0.0002779324,0.0003007496
28065,0.0000311720,-0.0001131513,0.0002861306,0.0003092663
28066,0.0000318996,-0.0001155844,0.0002942454,0.0003177384
28067,0.0000326716,-0.0001182522,0.0003027599,0.0003266719
28068,0.0000335077,-0.0001209569,0.0003110616,0.0003354290
28069,0.0000342742,-0.0001236883,0.0003190155,0.0003438668
28070,0.0000350095,-0.0001263442,0.0003265059,0.0003518446
28071,0.0000307694,-0.0001116471,0.0002787725,0.0003018707
28072,0.0000310902,-0.0001122836,0.0002787067,0.0003020788
28073,0.0000314872,-0.0001128804,0.0002782882,0.0003019565
28074,0.0000320252,-0.0001134062,0.0002774703,0.0003014570
28075,0.0000325509,-0.0001136271,0.0002755139,0.0002997976
28076,0.0000330599,-0.0001135595,0.0002724551,0.0002970194
28077,0.0000338109,-0.0001133624,0.0002687465,0.0002936305
28078,0.0000277419,-0.0000973056,0.0002145051,0.0002371717
28079,0.0000284821,-0.0000998410,0.0002251409,0.0002479272
28080,0.0000291336,-0.0001022093,0.0002351188,0.0002580239
28081,0.0000296479,-0.0001048499,0.0002459146,0.0002689730
28082,0.0000304230,-0.0001076029,0.0002565982,0.0002799046
28083,0.0000312796,-0.0001104403,0.0002670617,0.0002906844
28084,0.0000298472,-0.0001020935,0.0002319829,0.0002552058
28085,0.0000306558,-0.0001012564,0.0002260885,0.0002496170
28086,0.0000291941,-0.0000993106,0.0002209556,0.0002440005
28087,0.0000284459,-0.0000967747,0.0002100555,0.0002330189
28088,0.0000299968,-0.0000986838,0.0002155253,0.0002389340
28089,0.0000295807,-0.0000961345,0.0002046379,0.0002280209
28090,0.0000310373,-0.0001076288,0.0002539458,0.0002775532
28091,0.0000315125,-0.0001076083,0.0002513528,0.0002752286
28092,0.0000323796,-0.0001071041,0.0002470731,0.0002712284
28093,0.0000315120,-0.0001038855,0.0002359061,0.0002596862
28094,0.0000303263,-0.0001047646,0.0002431273,0.0002664699
28095,0.0000310393,-0.0001049328,0.0002414728,0.0002651102
28096,0.0000322803,-0.0001104432,0.0002617273,0.0002859037
28097,0.0000316804,-0.0001105859,0.0002646920,0.0002886083
28098,0.0000330231,-0.0001102002,0.0002579095,0.0002824038
28099,0.0000274072,-0.0001016621,0.0002409043,0.0002629091
28100,0.0000280390,-0.0001020399,0.0002398419,0.0002621497
28101,0.0000284933,-0.0001021954,0.0002379994,0.0002605753
28102,0.0000272025,-0.0000997012,0.0002300318,0.0002521804
28103,0.0000264168,-0.0000976044,0.0002201250,0.0002422385
28104,0.0000266791,-0.0000995017,0.0002315028,0.0002533888
28105,0.0000259352,-0.0000972872,0.0002218138,0.0002435956
28106,0.0000277425,-0.0000998889,0.0002277918,0.0002502730
28107,0.0000270418,-0.0000975981,0.0002178114,0.0002402051
28108,0.0000302240,-0.0001096769,0.0002692375,0.0002922864
28109,0.0000293628,-0.0001069979,0.0002595594,0.0002822797
28110,0.0000286076,-0.0001044646,0.0002496844,0.0002721645
28111,0.0000289907,-0.0001064584,0.0002598818,0.0002823339
28112,0.0000298528,-0.0001089296,0.0002692492,0.0002919794
28113,0.0000281822,-0.0001040145,0.0002504179,0.0002726213
28114,0.0000299122,-0.0001073514,0.0002583132,0.0002813268
28115,0.0000307071,-0.0001100833,0.0002684945,0.0002918057
28116,0.0000291166,-0.0001047425,0.0002482025,0.0002709672
28117,0.0000327493,-0.0001161994,0.0002872717,0.0003116084
28118,0.0000336148,-0.0001191460,0.0002972503,0.0003219992
28119,0.0000344943,-0.0001224248,0.0003073904,0.0003326658
28120,0.0000353486,-0.0001256417,0.0003174204,0.0003432070
28121,0.0000361625,-0.0001289157,0.0003273441,0.0003536682
28122,0.0000370820,-0.0001321203,0.0003368652,0.0003637430
28123,0.0000347943,-0.0001228153,0.0003068901,0.0003323789
28124,0.0000352971,-0.0001235502,0.0003064530,0.0003323010
28125,0.0000357367,-0.0001237098,0.0003046708,0.0003307650
28126,0.0000361286,-0.0001235716,0.0003014864,0.0003278251
28127,0.0000337767,-0.0001167068,0.0002831251,0.0003080928
28128,0.0000347398,-0.0001199556,0.0002931514,0.0003186439
28129,0.0000344580,-0.0001166159,0.0002795498,0.0003048519
28130,0.0000354238,-0.0001200428,0.0002904331,0.0003162539
28131,0.0000333500,-0.0001169039,0.0002863548,0.0003110913
28132,0.0000339055,-0.0001196210,0.0002962978,0.0003213272
28133,0.0000345704,-0.0001205492,0.0002969983,0.0003223898
28134,0.0000378082,-0.0001336963,0.0003372959,0.0003647912
28135,0.0000369454,-0.0001302371,0.0003269436,0.0003538627
28136,0.0000361370,-0.0001267811,0.0003165705,0.0003429231
28137,0.0000365590,-0.0001296545,0.0003274850,0.0003541091
28138,0.0000374665,-0.0001329808,0.0003373438,0.0003645387
28139,0.0000356511,-0.0001262258,0.0003172490,0.0003432941
28140,0.0000377752,-0.0001309965,0.0003243276,0.0003518173
28141,0.0000373779,-0.0001305899,0.0003258999,0.0003530745
28142,0.0000386873,-0.0001346084,0.0003353002,0.0003633763
28143,0.0000381969,-0.0001342750,0.0003366284,0.0003644275
28144,0.0000369599,-0.0001272387,0.0003129485,0.0003398418
28145,0.0000365240,-0.0001271802,0.0003153282,0.0003419659
28146,0.0000330807,-0.0001193345,0.0003047550,0.0003289539
28147,0.0000334737,-0.0001204903,0.0003068738,0.0003313758
28148,0.0000339143,-0.0001213559,0.0003077977,0.0003325911
28149,0.0000342040,-0.0001218177,0.0003075253,0.0003325376
28150,0.0000320098,-0.0001149951,0.0002880984,0.0003118480
28151,0.0000329969,-0.0001180174,0.0002975957,0.0003218386
28152,0.0000324038,-0.0001156761,0.0002878431,0.0003119048
28153,0.0000333180,-0.0001186621,0.0002975061,0.0003220258
28154,0.0000316764,-0.0001144312,0.0002882351,0.0003117329
28155,0.0000322255,-0.0001166211,0.0002960591,0.0003198280
28156,0.0000327779,-0.0001179879,0.0002988704,0.0003229846
28157,0.0000358627,-0.0001289668,0.0003320969,0.0003580599
28158,0.0000350754,-0.0001260889,0.0003237899,0.0003492400
28159,0.0000342854,-0.0001232124,0.0003153210,0.0003402706
28160,0.0000346944,-0.0001249382,0.0003215365,0.0003466973
28161,0.0000354360,-0.0001276861,0.0003295352,0.0003551801
28162,0.0000339060,-0.0001221316,0.0003132456,0.0003379180
28163,0.0000358280,-0.0001280361,0.0003266829,0.0003527019
28164,0.0000354538,-0.0001271426,0.0003255308,0.0003512727
28165,0.0000366554,-0.0001311797,0.0003358169,0.0003623875
28166,0.0000362712,-0.0001301257,0.0003342073,0.0003604758
28167,0.0000349769,-0.0001250234,0.0003174238,0.0003429462
28168,0.0000346733,-0.0001242071,0.0003166983,0.0003419466
28169,0.0000266227,-0.0000983980,0.0002457214,0.0002660262
28170,0.0000271013,-0.0001000062,0.0002509069,0.0002714590
28171,0.0000275652,-0.0001015949,0.0002557490,0.0002765663
28172,0.0000279921,-0.0001030784,0.0002600270,0.0002811099
28173,0.0000283915,-0.0001044895,0.0002639468,0.0002852929
28174,0.0000288336,-0.0001060365,0.0002680637,0.0002897124
28175,0.0000291980,-0.0001073738,0.0002713771,0.0002933039
28176,0.0000295579,-0.0001085639,0.0002737941,0.0002960119
28177,0.0000299022,-0.0001097106,0.0002760547,0.0002985578
28178,0.0000238771,-0.0000937772,0.0002190782,0.0002394985
28179,0.0000246956,-0.0000954765,0.0002273237,0.0002477937
28180,0.0000254080,-0.0000970352,0.0002346216,0.0002551640
28181,0.0000260993,-0.0000986777,0.0002418641,0.0002625199
28182,0.0000269050,-0.0001005528,0.0002494843,0.0002703278
28183,0.0000277078,-0.0001025303,0.0002569737,0.0002780569
28184,0.0000258419,-0.0000985377,0.0002382183,0.0002590858
28185,0.0000261518,-0.0000994777,0.0002394362,0.0002605944
28186,0.0000265118,-0.0001004296,0.0002406090,0.0002620719
28187,0.0000252873,-0.0000975599,0.0002308227,0.0002518661
28188,0.0000245428,-0.0000956215,0.0002219700,0.0002429331
28189,0.0000249796,-0.0000966021,0.0002295329,0.0002502824
28190,0.0000241786,-0.0000947916,0.0002208469,0.0002415438
28191,0.0000257747,-0.0000983561,0.0002316764,0.0002530064
28192,0.0000249706,-0.0000963370,0.0002225080,0.0002437502
28193,0.0000271006,-0.0001017019,0.0002483848,0.0002697643
28194,0.0000280834,-0.0001042220,0.0002578908,0.0002795685
28195,0.0000288020,-0.0001063752,0.0002659146,0.0002878469
28196,0.0000283342,-0.0001049375,0.0002586957,0.0002806032
28197,0.0000274603,-0.0001025652,0.0002495548,0.0002712034
28198,0.0000291539,-0.0001073562,0.0002677134,0.0002899065
28199,0.0000272567,-0.0001018444,0.0002526413,0.0002737569
28200,0.0000276786,-0.0001031496,0.0002558488,0.0002772445
28201,0.0000264296,-0.0000998986,0.0002447725,0.0002656912
28202,0.0000269267,-0.0001013444,0.0002485846,0.0002697963
28203,0.0000281109,-0.0001039122,0.0002604626,0.0002818310
28204,0.0000284398,-0.0001051740,0.0002635468,0.0002851794
28205,0.0000243187,-0.0000928300,0.0002239123,0.0002436094
28206,0.0000246473,-0.0000942574,0.0002277612,0.0002477239
28207,0.0000250014,-0.0000956871,0.0002313712,0.0002516222
28208,0.0000239316,-0.0000927143,0.0002205913,0.0002404769
28209,0.0000231852,-0.0000912549,0.0002132720,0.0002331308
28210,0.0000235858,-0.0000912882,0.0002168347,0.0002364469
28211,0.0000228359,-0.0000898566,0.0002096653,0.0002292493
28212,0.0000242952,-0.0000941255,0.0002241101,0.0002442850
28213,0.0000235132,-0.0000925477,0.0002164426,0.0002365700
28214,0.0000253805,-0.0000958488,0.0002346576,0.0002547457
28215,0.0000261733,-0.0000977929,0.0002421075,0.0002624205
28216,0.0000269410,-0.0000998992,0.0002497963,0.0002703772
28217,0.0000265321,-0.0000991578,0.0002458806,0.0002664460
28218,0.0000257634,-0.0000973234,0.0002385638,0.0002589369
28219,0.0000272839,-0.0001011158,0.0002531428,0.0002739527
28220,0.0000254745,-0.0000952614,0.0002346328,0.0002545117
28221,0.0000259862,-0.0000970074,0.0002401191,0.0002602747
28222,0.0000250446,-0.0000944275,0.0002307387,0.0002505676
28223,0.0000260488,-0.0000967579,0.0002402001,0.0002602628
28224,0.0000265306,-0.0000983962,0.0002453402,0.0002656643
28225,0.0000290472,-0.0001064277,0.0002705004,0.0002921319
28226,0.0000296947,-0.0001084187,0.0002768506,0.0002988020
28227,0.0000303351,-0.0001105158,0.0002831409,0.0003054550
28228,0.0000309494,-0.0001126263,0.0002892021,0.0003118981
28229,0.0000314998,-0.0001147828,0.0002949190,0.0003180323
28230,0.0000320495,-0.0001169091,0.0003002926,0.0003238372
28231,0.0000307798,-0.0001119974,0.0002874415,0.0003100216
28232,0.0000312263,-0.0001134294,0.0002913636,0.0003142197
28233,0.0000316430,-0.0001149606,0.0002954323,0.0003185867
28234,0.0000320398,-0.0001162611,0.0002986150,0.0003220468
28235,0.0000323213,-0.0001171488,0.0003005070,0.0003241496
28236,0.0000303432,-0.0001108117,0.0002815557,0.0003040946
28237,0.0000311818,-0.0001133958,0.0002898229,0.0003127750
28238,0.0000306853,-0.0001120198,0.0002840404,0.0003068697
28239,0.0000315491,-0.0001144818,0.0002921556,0.0003153670
28240,0.0000299836,-0.0001096743,0.0002791735,0.0003014388
28241,0.0000304960,-0.0001112335,0.0002845427,0.0003070300
28242,0.0000310122,-0.0001129402,0.0002891463,0.0003119661
28243,0.0000294480,-0.0001079185,0.0002745590,0.0002964729
28244,0.0000300787,-0.0001098636,0.0002808609,0.0003030801
28245,0.0000336415,-0.0001218306,0.0003149691,0.0003393817
28246,0.0000329929,-0.0001194973,0.0003086556,0.0003326205
28247,0.0000322932,-0.0001171602,0.0003020556,0.0003255871
28248,0.0000325384,-0.0001179726,0.0003043774,0.0003280577
28249,0.0000320188,-0.0001163789,0.0002998096,0.0003231950
28250,0.0000331397,-0.0001202468,0.0003103693,0.0003344946
28251,0.0000325861,-0.0001185820,0.0003054893,0.0003293133
28252,0.0000318965,-0.0001157013,0.0002980280,0.0003212863
28253,0.0000314571,-0.0001141953,0.0002937682,0.0003167489
28254,0.0000338785,-0.0001224151,0.0003159860,0.0003405589
28255,0.0000334482,-0.0001209820,0.0003125375,0.0003368013
28256,0.0000345656,-0.0001248949,0.0003230653,0.0003480872
28257,0.0000341066,-0.0001233866,0.0003192164,0.0003439282
28258,0.0000331792,-0.0001198749,0.0003086670,0.0003327855
28259,0.0000326985,-0.0001186174,0.0003056754,0.0003295098
28260,0.0000277978,-0.0001028252,0.0002580006,0.0002791237
28261,0.0000283708,-0.0001044409,0.0002637062,0.0002850504
28262,0.0000288657,-0.0001057949,0.0002683527,0.0002898948
28263,0.0000293666,-0.0001073594,0.0002735038,0.0002952842
28264,0.0000298397,-0.0001089540,0.0002784916,0.0003005311
28265,0.0000281546,-0.0001034043,0.0002616505,0.0002827475
28266,0.0000287766,-0.0001053161,0.0002675596,0.0002889770
28267,0.0000286171,-0.0001049507,0.0002662739,0.0002876376
28268,0.0000292596,-0.0001068939,0.0002724383,0.0002941174
28269,0.0000276629,-0.0001017618,0.0002565405,0.0002773693
28270,0.0000282579,-0.0001037166,0.0002624213,0.0002835852
28271,0.0000271284,-0.0001000868,0.0002510303,0.0002716055
28272,0.0000277608,-0.0001021550,0.0002572609,0.0002781897
28273,0.0000274487,-0.0001012841,0.0002540580,0.0002748770
28274,0.0000293897,-0.0001078927,0.0002739471,0.0002958912
28275,0.0000298358,-0.0001098402,0.0002788040,0.0003011424
28276,0.0000302805,-0.0001118441,0.0002833822,0.0003061560
28277,0.0000304081,-0.0001115005,0.0002844167,0.0003070014
28278,0.0000309541,-0.0001131234,0.0002897660,0.0003126010
28279,0.0000299041,-0.0001094431,0.0002791424,0.0003013180
28280,0.0000304192,-0.0001110249,0.0002842738,0.0003066976
28281,0.0000308847,-0.0001135188,0.0002891982,0.0003122114
28282,0.0000314712,-0.0001152023,0.0002948658,0.0003181318
28283,0.0000282075,-0.0001056563,0.0002631758,0.0002849919
28284,0.0000286543,-0.0001065842,0.0002671633,0.0002890631
28285,0.0000292427,-0.0001081832,0.0002729624,0.0002950715
28286,0.0000288026,-0.0001062319,0.0002682961,0.0002899959
28287,0.0000281768,-0.0001045095,0.0002620871,0.0002835592
28288,0.0000290621,-0.0001087218,0.0002719406,0.0002943072
28289,0.0000283760,-0.0001070476,0.0002655169,0.0002876866
28290,0.0000296491,-0.0001101607,0.0002774468,0.0002999853
28291,-0.0000215966,-0.0000537886,-0.0000833011,0.0001014825
28292,-0.0000179633,-0.0000531298,-0.0000691479,0.0000890330
28293,-0.0000147847,-0.0000527406,-0.0000566068,0.0000787686
28294,-0.0000118728,-0.0000524189,-0.0000448850,0.0000700241
28295,-0.0000092238,-0.0000522381,-0.0000336893,0.0000628400
28296,-0.0000066526,-0.0000522386,-0.0000226205,0.0000573133
28297,-0.0000042434,-0.0000522624,-0.0000119249,0.0000537733
28298,-0.0000018350,-0.0000523664,-0.0000011423,0.0000524110
28299,0.0000002434,-0.0000526660,0.0000087323,0.0000533855
28300,0.0000020811,-0.0000530673,0.0000181419,0.0000561213
28301,0.0000037684,-0.0000535001,0.0000270491,0.0000600676
28302,0.0000054209,-0.0000539266,0.0000358316,0.0000649720
28303,0.0000068750,-0.0000545693,0.0000441304,0.0000705164
28304,0.0000081420,-0.0000553262,0.0000521518,0.0000764663
28305,0.0000093138,-0.0000562972,0.0000604831,0.0000831525
28306,0.0000104709,-0.0000571044,0.0000682074,0.0000895700
28307,0.0000114060,-0.0000580162,0.0000756970,0.0000960521
28308,0.0000123530,-0.0000590337,0.0000829838,0.0001025860
28309,0.0000131721,-0.0000601309,0.0000904325,0.0001093950
28310,0.0000139169,-0.0000613684,0.0000976476,0.0001161672
28311,0.0000146552,-0.0000626473,0.0001046974,0.0001228862
28312,0.0000152826,-0.0000638967,0.0001117601,0.0001296405
28313,0.0000159191,-0.0000652662,0.0001186108,0.0001363144
28314,0.0000164884,-0.0000666467,0.0001253885,0.0001429543
28315,0.0000170693,-0.0000681326,0.0001322179,0.0001497163
28316,0.0000176337,-0.0000699839,0.0001398728,0.0001573948
28317,0.0000181347,-0.0000715778,0.0001464860,0.0001640439
28318,0.0000186294,-0.0000733512,0.0001536031,0.0001712348
28319,0.0000191009,-0.0000750611,0.0001601044,0.0001778551
28320,0.0000195378,-0.0000767287,0.0001661681,0.0001840676
28321,0.0000199131,-0.0000784530,0.0001720771,0.0001901629
28322,0.0000203110,-0.0000802380,0.0001779503,0.0001962575
28323,0.0000207745,-0.0000821988,0.0001845549,0.0002030979
28324,0.0000210954,-0.0000838389,0.0001893134,0.0002081191
28325,0.0000214258,-0.0000854865,0.0001940966,0.0002131677
28326,0.0000137684,-0.0000483980,0.0000278211,0.0000574974
28327,0.0000140871,-0.0000485517,0.0000329283,0.0000603323
28328,0.0000143316,-0.0000489220,0.0000382466,0.0000637304
28329,0.0000143093,-0.0000490142,0.0000416894,0.0000659177
28330,0.0000140957,-0.0000491986,0.0000449225,0.0000680972
28331,0.0000137480,-0.0000495502,0.0000475673,0.0000700491
28332,0.0000133935,-0.0000498814,0.0000496502,0.0000716427
28333,0.0000129062,-0.0000505104,0.0000514938,0.0000732768
28334,0.0000122632,-0.0000512027,0.0000527254,0.0000745122
28335,0.0000113771,-0.0000517095,0.0000525991,0.0000746323
28336,0.0000103268,-0.0000522792,0.0000510364,0.0000737866
28337,0.0000092658,-0.0000530039,0.0000493733,0.0000730273
28338,0.0000081005,-0.0000537908,0.0000470672,0.0000719332
28339,0.0000137923,-0.0000510972,0.0000552871,0.0000765364
28340,0.0000139763,-0.0000524232,0.0000607878,0.0000814781
28341,0.0000142574,-0.0000538151,0.0000664634,0.0000866990
28342,0.0000143539,-0.0000552865,0.0000727973,0.0000925314
28343,0.0000145019,-0.0000568091,0.0000781476,0.0000976966
28344,0.0000145972,-0.0000584781,0.0000837925,0.0001032180
28345,0.0000147990,-0.0000601945,0.0000898180,0.0001091314
28346,0.0000148828,-0.0000617937,0.0000953687,0.0001146087
28347,0.0000149015,-0.0000636445,0.0001006534,0.0001200158
28348,0.0000149294,-0.0000655225,0.0001060222,0.0001255260
28349,0.0000151110,-0.0000674611,0.0001117868,0.0001314368
28350,0.0000152725,-0.0000693358,0.0001169033,0.0001367738
28351,0.0000153117,-0.0000712424,0.0001216024,0.0001417641
28352,0.0000154411,-0.0000730649,0.0001263279,0.0001467503
28353,0.0000156347,-0.0000749756,0.0001308869,0.0001516482
28354,0.0000157451,-0.0000766116,0.0001344335,0.0001555301
28355,0.0000159062,-0.0000781105,0.0001374324,0.0001588771
28356,0.0000111949,-0.0000621048,0.0000585825,0.0000861060
28357,0.0000120158,-0.0000624406,0.0000672701,0.0000925661
28358,0.0000126994,-0.0000628435,0.0000758871,0.0000993450
28359,0.0000132764,-0.0000629769,0.0000826222,0.0001047320
28360,0.0000138416,-0.0000631958,0.0000890046,0.0001100324
28361,0.0000143938,-0.0000634106,0.0000949582,0.0001150875
28362,0.0000126212,-0.0000647610,0.0000791560,0.0001030483
28363,0.0000125545,-0.0000669032,0.0000835635,0.0001077800
28364,0.0000125765,-0.0000690435,0.0000873124,0.0001120206
28365,0.0000125498,-0.0000711105,0.0000903893,0.0001156911
28366,0.0000125925,-0.0000731534,0.0000933316,0.0001192509
28367,0.0000128569,-0.0000751405,0.0000971092,0.0001234569
28368,0.0000109754,-0.0000686928,0.0000682078,0.0000974241
28369,0.0000117931,-0.0000689019,0.0000779818,0.0001047268
28370,0.0000112476,-0.0000727198,0.0000727043,0.0001034437
28371,0.0000120409,-0.0000730107,0.0000835344,0.0001115955
28372,0.0000122968,-0.0000747816,0.0000855581,0.0001142965
28373,0.0000110233,-0.0000707540,0.0000706721,0.0001006091
28374,0.0000118808,-0.0000710165,0.0000806692,0.0001081297
28375,0.0000110560,-0.0000642784,0.0000621837,0.0000901153
28376,0.0000110135,-0.0000665219,0.0000654645,0.0000939791
28377,0.0000118798,-0.0000645509,0.0000708732,0.0000965969
28378,0.0000118281,-0.0000666823,0.0000747576,0.0001008718
28379,0.0000132583,-0.0000712860,0.0000994614,0.0001230856
28380,0.0000139770,-0.0000719956,0.0001090796,0.0001314423
28381,0.0000147659,-0.0000726963,0.0001189099,0.0001401511
28382,0.0000140515,-0.0000736489,0.0001123627,0.0001350814
28383,0.0000141603,-0.0000752884,0.0001155855,0.0001386682
28384,0.0000144076,-0.0000769358,0.0001189977,0.0001424329
28385,0.0000134022,-0.0000749549,0.0001057459,0.0001303075
28386,0.0000137290,-0.0000765313,0.0001100506,0.0001347467
28387,0.0000133359,-0.0000732320,0.0001027290,0.0001268622
28388,0.0000149248,-0.0000759003,0.0001251749,0.0001471474
28389,0.0000148266,-0.0000743369,0.0001218437,0.0001434980
28390,0.0000151327,-0.0000774637,0.0001282327,0.0001505763
28391,0.0000132303,-0.0000669186,0.0000910028,0.0001137306
28392,0.0000138918,-0.0000669175,0.0000981000,0.0001195598
28393,0.0000145231,-0.0000671224,0.0001050767,0.0001255287
28394,0.0000138940,-0.0000687534,0.0001023228,0.0001240565
28395,0.0000140640,-0.0000706455,0.0001077906,0.0001296434
28396,0.0000132897,-0.0000692413,0.0000963285,0.0001193741
28397,0.0000146064,-0.0000690335,0.0001097203,0.0001304512
28398,0.0000147186,-0.0000708330,0.0001146290,0.0001355498
28399,0.0000138569,-0.0000650208,0.0000936311,0.0001148325
28400,0.0000132422,-0.0000648950,0.0000868354,0.0001092113
28401,0.0000144378,-0.0000652721,0.0001001142,0.0001203817
28402,0.0000120177,-0.0000554425,0.0000459030,0.0000729752
28403,0.0000126334,-0.0000556691,0.0000526154,0.0000776339
28404,0.0000131736,-0.0000560721,0.0000596384,0.0000829118
28405,0.0000136216,-0.0000561412,0.0000646805,0.0000867234
28406,0.0000140108,-0.0000563612,0.0000696347,0.0000906746
28407,0.0000143289,-0.0000566042,0.0000741823,0.0000944053
28408,0.0000130106,-0.0000575303,0.0000630614,0.0000863467
28409,0.0000128442,-0.0000592811,0.0000671418,0.0000904834
28410,0.0000127623,-0.0000609466,0.0000717809,0.0000950256
28411,0.0000113921,-0.0000598613,0.0000551226,0.0000821685
28412,0.0000122138,-0.0000591023,0.0000604406,0.0000854127
28413,0.0000122788,-0.0000608907,0.0000655982,0.0000903415
28414,0.0000116214,-0.0000576034,0.0000501606,0.0000772612
28415,0.0000124311,-0.0000573863,0.0000564996,0.0000814857
28416,0.0000142999,-0.0000599453,0.0000848345,0.0001048562
28417,0.0000138651,-0.0000595904,0.0000793605,0.0001002065
28418,0.0000134556,-0.0000594418,0.0000735375,0.0000955099
28419,0.0000139899,-0.0000579642,0.0000746322,0.0000955277
28420,0.0000142871,-0.0000581970,0.0000795137,0.0000995663
28421,0.0000135423,-0.0000577679,0.0000692065,0.0000911596
28422,0.0000138744,-0.0000614178,0.0000841286,0.0001050822
28423,0.0000143524,-0.0000615514,0.0000899462,0.0001099313
28424,0.0000133509,-0.0000611620,0.0000780318,0.0001000400
28425,0.0000140322,-0.0000500622,0.0000418485,0.0000667415
28426,0.0000138722,-0.0000514643,0.0000461803,0.0000705240
28427,0.0000135767,-0.0000529411,0.0000505105,0.0000744205
28428,0.0000133378,-0.0000545209,0.0000553201,0.0000788082
28429,0.0000128349,-0.0000517322,0.0000368069,0.0000647742
28430,0.0000134700,-0.0000514691,0.0000414014,0.0000674135
28431,0.0000123884,-0.0000535425,0.0000419889,0.0000691617
28432,0.0000130691,-0.0000529369,0.0000455521,0.0000710500
28433,0.0000129329,-0.0000544561,0.0000507180,0.0000755317
28434,0.0000132716,-0.0000500105,0.0000322835,0.0000609870
28435,0.0000137607,-0.0000499425,0.0000370201,0.0000636718
28436,0.0000141462,-0.0000522154,0.0000581786,0.0000794437
28437,0.0000141493,-0.0000518956,0.0000548319,0.0000768107
28438,0.0000140734,-0.0000516873,0.0000507796,0.0000738119
28439,0.0000141748,-0.0000505507,0.0000498599,0.0000724038
28440,0.0000140067,-0.0000508974,0.0000528657,0.0000747095
28441,0.0000142322,-0.0000504006,0.0000463193,0.0000699160
28442,0.0000140604,-0.0000548283,0.0000646813,0.0000859506
28443,0.0000141281,-0.0000533240,0.0000597825,0.0000813449
28444,0.0000142807,-0.0000550351,0.0000689959,0.0000894049
28445,0.0000142319,-0.0000535758,0.0000637828,0.0000845054
28446,0.0000137488,-0.0000545279,0.0000600977,0.0000823047
28447,0.0000139760,-0.0000531022,0.0000553559,0.0000779708
28448,0.0000153234,-0.0000639721,0.0001059073,0.0001246740
28449,0.0000157526,-0.0000648319,0.0001118982,0.0001302786
28450,0.0000162463,-0.0000656129,0.0001179941,0.0001359838
28451,0.0000165327,-0.0000661976,0.0001221836,0.0001399439
28452,0.0000167592,-0.0000668151,0.0001261174,0.0001437036
28453,0.0000169759,-0.0000676143,0.0001297444,0.0001472871
28454,0.0000161233,-0.0000735149,0.0001333666,0.0001531373
28455,0.0000168210,-0.0000741907,0.0001406106,0.0001598704
28456,0.0000175515,-0.0000750895,0.0001481078,0.0001669802
28457,0.0000182522,-0.0000759512,0.0001552177,0.0001737650
28458,0.0000188841,-0.0000767860,0.0001613963,0.0001797261
28459,0.0000194478,-0.0000776008,0.0001669240,0.0001851047
28460,0.0000177249,-0.0000766661,0.0001525680,0.0001716650
28461,0.0000179625,-0.0000782509,0.0001569434,0.0001762869
28462,0.0000182443,-0.0000798699,0.0001614806,0.0001810747
28463,0.0000184842,-0.0000813156,0.0001650205,0.0001848937
28464,0.0000165714,-0.0000773504,0.0001433397,0.0001637192
28465,0.0000172462,-0.0000774960,0.0001493412,0.0001691326
28466,0.0000167207,-0.0000789373,0.0001463061,0.0001670812
28467,0.0000175753,-0.0000800871,0.0001555581,0.0001758442
28468,0.0000175700,-0.0000791097,0.0001545203,0.0001744809
28469,0.0000163173,-0.0000753748,0.0001380912,0.0001581670
28470,0.0000170157,-0.0000758452,0.0001451256,0.0001646313
28471,0.0000201405,-0.0000811205,0.0001781016,0.0001967393
28472,0.0000194322,-0.0000801149,0.0001713734,0.0001901706
28473,0.0000187021,-0.0000791641,0.0001643086,0.0001833413
28474,0.0000191712,-0.0000784637,0.0001666112,0.0001851577
28475,0.0000198170,-0.0000794055,0.0001728555,0.0001912511
28476,0.0000184611,-0.0000775615,0.0001598203,0.0001786033
28477,0.0000199809,-0.0000832583,0.0001799935,0.0001993210
28478,0.0000197132,-0.0000817081,0.0001758740,0.0001949268
28479,0.0000207074,-0.0000843249,0.0001871992,0.0002063565
28480,0.0000204279,-0.0000827520,0.0001827553,0.0002016549
28481,0.0000192163,-0.0000822478,0.0001725603,0.0001921224
28482,0.0000189862,-0.0000807558,0.0001686985,0.0001879924
28483,0.0000164126,-0.0000670083,0.0001226906,0.0001407568
28484,0.0000166719,-0.0000685785,0.0001280303,0.0001461941
28485,0.0000168864,-0.0000701310,0.0001334587,0.0001517060
28486,0.0000172186,-0.0000719069,0.0001391376,0.0001575638
28487,0.0000173899,-0.0000735996,0.0001441839,0.0001628137
28488,0.0000159044,-0.0000698073,0.0001237849,0.0001429990
28489,0.0000163595,-0.0000696539,0.0001276868,0.0001463667
28490,0.0000159871,-0.0000716930,0.0001284678,0.0001479846
28491,0.0000167002,-0.0000725938,0.0001361418,0.0001551881
28492,0.0000166824,-0.0000714309,0.0001337627,0.0001525554
28493,0.0000154956,-0.0000657989,0.0001114852,0.0001303785
28494,0.0000156159,-0.0000676920,0.0001172271,0.0001362654
28495,0.0000159078,-0.0000663185,0.0001171208,0.0001355304
28496,0.0000161416,-0.0000679344,0.0001224296,0.0001409419
28497,0.0000182619,-0.0000724418,0.0001490948,0.0001667650
28498,0.0000178517,-0.0000716770,0.0001442155,0.0001620321
28499,0.0000173979,-0.0000708659,0.0001389775,0.0001569694
28500,0.0000174946,-0.0000700750,0.0001383297,0.0001560502
28501,0.0000171730,-0.0000684387,0.0001322981,0.0001499385
28502,0.0000178746,-0.0000707892,0.0001426940,0.0001602878
28503,0.0000174390,-0.0000691715,0.0001363358,0.0001538710
28504,0.0000171191,-0.0000692755,0.0001333966,0.0001512838
28505,0.0000168618,-0.0000677204,0.0001279336,0.0001457305
28506,0.0000185369,-0.0000750376,0.0001557847,0.0001739055
28507,0.0000181822,-0.0000733213,0.0001500750,0.0001680152
28508,0.0000190589,-0.0000758385,0.0001610829,0.0001790598
28509,0.0000186645,-0.0000741300,0.0001551650,0.0001729734
28510,0.0000180293,-0.0000742812,0.0001501429,0.0001684803
28511,0.0000177083,-0.0000725446,0.0001446871,0.0001628210
28512,0.0000146524,-0.0000574329,0.0000826328,0.0001016927
28513,0.0000146828,-0.0000580936,0.0000870163,0.0001056518
28514,0.0000146635,-0.0000585294,0.0000897284,0.0001081291
28515,0.0000145437,-0.0000590277,0.0000922068,0.0001104440
28516,0.0000144258,-0.0000597893,0.0000943618,0.0001126367
28517,0.0000142606,-0.0000605987,0.0000961931,0.0001145805
28518,0.0000150409,-0.0000598276,0.0000953704,0.0001135829
28519,0.0000153731,-0.0000612196,0.0001008639,0.0001189861
28520,0.0000156372,-0.0000625978,0.0001064232,0.0001244544
28521,0.0000159033,-0.0000641020,0.0001124038,0.0001303710
28522,0.0000150361,-0.0000603916,0.0000937205,0.0001125023
28523,0.0000152278,-0.0000607094,0.0000971783,0.0001155904
28524,0.0000151858,-0.0000623367,0.0001004801,0.0001192171
28525,0.0000154060,-0.0000621102,0.0001026109,0.0001209298
28526,0.0000156428,-0.0000637452,0.0001087114,0.0001269895
28527,0.0000148407,-0.0000588333,0.0000879006,0.0001068088
28528,0.0000149523,-0.0000593227,0.0000917731,0.0001102953
28529,0.0000154343,-0.0000631336,0.0001096791,0.0001274895
28530,0.0000154598,-0.0000623897,0.0001072094,0.0001250014
28531,0.0000154338,-0.0000617519,0.0001042359,0.0001221337
28532,0.0000149210,-0.0000610276,0.0001008510,0.0001188189
28533,0.0000148251,-0.0000617861,0.0001029711,0.0001209973
28534,0.0000149959,-0.0000603952,0.0000982671,0.0001163137
28535,0.0000163669,-0.0000653496,0.0001198441,0.0001374811
28536,0.0000158936,-0.0000637870,0.0001134647,0.0001311320
28537,0.0000164509,-0.0000659860,0.0001229366,0.0001404927
28538,0.0000159381,-0.0000644955,0.0001162563,0.0001339001
28539,0.0000161384,-0.0000646303,0.0001161883,0.0001339300
28540,0.0000158431,-0.0000632342,0.0001101614,0.0001280043
28541,0.0000121068,-0.0000527912,0.0000593067,0.0000803167
28542,0.0000127893,-0.0000537458,0.0000655912,0.0000857576
28543,0.0000134230,-0.0000548849,0.0000717706,0.0000913430
28544,0.0000138872,-0.0000559949,0.0000778461,0.0000968932
28545,0.0000142296,-0.0000571894,0.0000838740,0.0001025083
28546,0.0000140816,-0.0000538671,0.0000682796,0.0000881025
28547,0.0000137175,-0.0000542430,0.0000701442,0.0000897256
28548,0.0000142552,-0.0000552123,0.0000735978,0.0000931034
28549,0.0000144964,-0.0000564695,0.0000792741,0.0000984039
28550,0.0000141312,-0.0000554352,0.0000757960,0.0000949621
28551,0.0000144483,-0.0000567974,0.0000815368,0.0001004139
28552,0.0000133302,-0.0000515420,0.0000571840,0.0000781300
28553,0.0000137047,-0.0000526606,0.0000627973,0.0000830931
28554,0.0000127825,-0.0000521255,0.0000585198,0.0000794042
28555,0.0000132934,-0.0000531558,0.0000643881,0.0000845463
28556,0.0000130252,-0.0000556280,0.0000733632,0.0000929854
28557,0.0000126509,-0.0000563684,0.0000749158,0.0000946035
28558,0.0000120700,-0.0000572090,0.0000757427,0.0000956844
28559,0.0000132342,-0.0000574488,0.0000812840,0.0001004122
28560,0.0000139018,-0.0000586271,0.0000878306,0.0001065111
28561,0.0000136207,-0.0000567145,0.0000796576,0.0000987288
28562,0.0000140993,-0.0000578443,0.0000859780,0.0001045800
28563,0.0000128666,-0.0000581978,0.0000825029,0.0001017805
28564,0.0000135263,-0.0000593563,0.0000893501,0.0001081183
28565,0.0000102833,-0.0000537825,0.0000561019,0.0000783947
28566,0.0000110086,-0.0000546042,0.0000625834,0.0000837824
28567,0.0000118566,-0.0000554437,0.0000689951,0.0000893023
28568,0.0000123472,-0.0000546443,0.0000674501,0.0000876810
28569,0.0000111804,-0.0000530447,0.0000572616,0.0000788520
28570,0.0000116310,-0.0000539950,0.0000629919,0.0000837778
28571,0.0000102679,-0.0000554267,0.0000617910,0.0000836402
28572,0.0000092459,-0.0000545870,0.0000546720,0.0000778091
28573,0.0000111838,-0.0000562511,0.0000688858,0.0000896355
28574,-0.0000067853,-0.0000481752,-0.0000434542,0.0000652316
28575,-0.0000034019,-0.0000472590,-0.0000311030,0.0000566779
28576,-0.0000004463,-0.0000463197,-0.0000210308,0.0000508724
28577,0.0000020179,-0.0000456825,-0.0000117953,0.0000472238
28578,0.0000042702,-0.0000452884,-0.0000033259,0.0000456107
28579,0.0000061219,-0.0000452855,0.0000048060,0.0000459495
28580,0.0000080471,-0.0000453357,0.0000125421,0.0000477220
28581,0.0000092915,-0.0000457247,0.0000194252,0.0000505413
28582,0.0000105320,-0.0000461676,0.0000255613,0.0000538122
28583,0.0000116008,-0.0000468788,0.0000318972,0.0000578760
28584,0.0000122780,-0.0000479288,0.0000383973,0.0000626281
28585,0.0000129724,-0.0000488491,0.0000440723,0.0000670588
28586,0.0000084023,-0.0000443468,0.0000082410,0.0000458819
28587,0.0000105223,-0.0000434931,0.0000105412,0.0000459727
28588,0.0000126337,-0.0000428919,0.0000115441,0.0000461800
28589,0.0000139910,-0.0000425096,0.0000111860,0.0000461296
28590,0.0000151348,-0.0000421864,0.0000092668,0.0000457671
28591,0.0000155617,-0.0000417791,0.0000064883,0.0000450528
28592,0.0000113757,-0.0000425991,0.0000063653,0.0000445489
28593,0.0000099867,-0.0000426728,0.0000005827,0.0000438297
28594,0.0000084706,-0.0000430029,-0.0000054388,0.0000441654
28595,0.0000062426,-0.0000438934,-0.0000124867,0.0000460599
28596,0.0000040136,-0.0000449979,-0.0000204702,0.0000495979
28597,0.0000013726,-0.0000463608,-0.0000296438,0.0000550451
28598,0.0000026243,-0.0000451744,-0.0000145062,0.0000475189
28599,0.0000053851,-0.0000441269,-0.0000094297,0.0000454433
28600,-0.0000029266,-0.0000470852,-0.0000333764,0.0000577890
28601,0.0000006783,-0.0000459369,-0.0000265305,0.0000530521
28602,-0.0000054075,-0.0000479020,-0.0000423450,0.0000641634
28603,-0.0000019283,-0.0000471404,-0.0000355139,0.0000590523
28604,-0.0000001251,-0.0000459926,-0.0000238245,0.0000517971
28605,0.0000030873,-0.0000449398,-0.0000175868,0.0000483572
28606,0.0000066925,-0.0000444034,0.0000013665,0.0000449257
28607,0.0000047188,-0.0000447592,-0.0000064076,0.0000454611
28608,0.0000092545,-0.0000433599,0.0000043652,0.0000445509
28609,0.0000074900,-0.0000435849,-0.0000022017,0.0000442785
28610,0.0000094070,-0.0000427237,-0.0000091688,0.0000446976
28611,0.0000118648,-0.0000417013,-0.0000076585,0.0000440275
28612,0.0000133530,-0.0000406105,-0.0000072377,0.0000433578
28613,0.0000102896,-0.0000425448,-0.0000131801,0.0000457127
28614,0.0000083192,-0.0000438132,-0.0000195564,0.0000486955
28615,0.0000057390,-0.0000455852,-0.0000274118,0.0000535009
28616,0.0000052160,-0.0000450741,-0.0000232370,0.0000509788
28617,0.0000027341,-0.0000466152,-0.0000312203,0.0000561708
28618,0.0000074807,-0.0000437191,-0.0000157848,0.0000470795
28619,0.0000102721,-0.0000428151,-0.0000169100,0.0000471656
28620,0.0000084095,-0.0000444405,-0.0000236902,0.0000510579
28621,0.0000061114,-0.0000462123,-0.0000302763,0.0000555840
28622,0.0000120674,-0.0000414305,-0.0000117744,0.0000447297
28623,0.0000147651,-0.0000416400,0.0000056712,0.0000445428
28624,0.0000139714,-0.0000413220,0.0000016373,0.0000436507
28625,0.0000131326,-0.0000412783,-0.0000027189,0.0000434023
28626,0.0000123807,-0.0000419256,0.0000019551,0.0000437591
28627,0.0000133389,-0.0000420964,0.0000066258,0.0000446535
28628,0.0000110456,-0.0000420696,-0.0000033121,0.0000436214
28629,0.0000152804,-0.0000410493,0.0000028217,0.0000438919
28630,0.0000143120,-0.0000405151,-0.0000034195,0.0000431045
28631,0.0000148516,-0.0000407959,0.0000001823,0.0000434155
28632,0.0000143258,-0.0000476223,0.0000369448,0.0000619518
28633,0.0000144331,-0.0000464824,0.0000320120,0.0000582554
28634,0.0000143797,-0.0000453670,0.0000271831,0.0000548075
28635,0.0000139525,-0.0000444185,0.0000223334,0.0000516378
28636,0.0000133756,-0.0000434793,0.0000167158,0.0000484641
28637,0.0000136241,-0.0000459263,0.0000300385,0.0000565434
28638,0.0000125458,-0.0000465710,0.0000322143,0.0000580002
28639,0.0000139309,-0.0000468864,0.0000347562,0.0000600033
28640,0.0000140533,-0.0000479712,0.0000397925,0.0000638919
28641,0.0000132007,-0.0000474159,0.0000370030,0.0000615771
28642,0.0000136174,-0.0000484504,0.0000422461,0.0000657085
28643,0.0000126396,-0.0000445061,0.0000214469,0.0000509953
28644,0.0000110087,-0.0000450321,0.0000208648,0.0000508373
28645,0.0000129365,-0.0000453400,0.0000265253,0.0000540986
28646,0.0000118773,-0.0000457350,0.0000265137,0.0000541825
28647,0.0000116557,-0.0000438978,0.0000162505,0.0000482384
28648,0.0000097926,-0.0000445751,0.0000148897,0.0000480056
28649,0.0000148020,-0.0000451258,0.0000185752,0.0000509948
28650,0.0000150580,-0.0000450370,0.0000215388,0.0000521440
28651,0.0000148144,-0.0000452493,0.0000245659,0.0000535765
28652,0.0000146742,-0.0000462160,0.0000257678,0.0000549111
28653,0.0000144435,-0.0000475563,0.0000305033,0.0000583152
28654,0.0000143263,-0.0000467713,0.0000236422,0.0000543300
28655,0.0000146555,-0.0000462963,0.0000290443,0.0000565836
28656,0.0000145123,-0.0000475881,0.0000337212,0.0000601029
28657,0.0000153162,-0.0000429655,0.0000133287,0.0000475213
28658,0.0000152934,-0.0000439775,0.0000174689,0.0000497300
28659,0.0000154625,-0.0000427055,0.0000103054,0.0000465731
28660,0.0000152518,-0.0000438474,0.0000143188,0.0000485824
28661,0.0000145773,-0.0000432293,0.0000157586,0.0000482660
28662,0.0000147432,-0.0000441037,0.0000202168,0.0000507072
28663,-0.0000042618,-0.0000511669,-0.0000150016,0.0000534908
28664,-0.0000020193,-0.0000502254,-0.0000083451,0.0000509540
28665,0.0000001187,-0.0000492655,-0.0000022725,0.0000493181
28666,0.0000023206,-0.0000481720,0.0000029394,0.0000483174
28667,0.0000043743,-0.0000472549,0.0000075185,0.0000480488
28668,0.0000063840,-0.0000462073,0.0000104370,0.0000477996
28669,-0.0000019108,-0.0000491941,-0.0000114111,0.0000505364
28670,-0.0000041797,-0.0000492879,-0.0000207907,0.0000536565
28671,-0.0000065941,-0.0000494861,-0.0000307808,0.0000586500
28672,-0.0000090961,-0.0000497231,-0.0000410642,0.0000651260
28673,-0.0000118260,-0.0000501563,-0.0000519896,0.0000732013
28674,-0.0000148505,-0.0000507773,-0.0000634874,0.0000826409
28675,-0.0000119781,-0.0000516737,-0.0000474313,0.0000711573
28676,-0.0000092422,-0.0000505014,-0.0000388442,0.0000643792
28677,-0.0000178620,-0.0000524185,-0.0000709571,0.0000900092
28678,-0.0000147965,-0.0000512712,-0.0000612194,0.0000812126
28679,-0.0000204566,-0.0000528272,-0.0000811013,0.0000989273
28680,-0.0000175732,-0.0000517525,-0.0000720076,0.0000904004
28681,-0.0000149410,-0.0000520135,-0.0000591307,0.0000801566
28682,-0.0000120152,-0.0000508505,-0.0000499630,0.0000722941
28683,-0.0000066594,-0.0000511623,-0.0000254895,0.0000575469
28684,-0.0000092500,-0.0000512701,-0.0000363987,0.0000635535
28685,-0.0000042492,-0.0000501748,-0.0000181269,0.0000535177
28686,-0.0000066640,-0.0000502449,-0.0000283171,0.0000580588
28687,-0.0000007729,-0.0000466308,-0.0000183809,0.0000501286
28688,-0.0000034743,-0.0000477438,-0.0000250619,0.0000540337
28689,-0.0000062295,-0.0000486663,-0.0000328071,0.0000590214
28690,-0.0000012748,-0.0000474328,-0.0000162295,0.0000501487
28691,0.0000007992,-0.0000471527,-0.0000077988,0.0000477999
28692,0.0000026854,-0.0000470816,-0.0000002134,0.0000471587
28693,0.0000034660,-0.0000461261,-0.0000018064,0.0000462914
28694,0.0000047289,-0.0000462899,0.0000042976,0.0000467289
28695,0.0000014112,-0.0000463153,-0.0000096773,0.0000473366
28696,-0.0000016578,-0.0000481768,-0.0000141115,0.0000502283
28697,-0.0000037781,-0.0000482881,-0.0000231275,0.0000536740
28698,0.0000003235,-0.0000481997,-0.0000054247,0.0000485051
28699,-0.0000115823,-0.0000496103,-0.0000553191,0.0000752033
28700,-0.0000087377,-0.0000488919,-0.0000448582,0.0000669255
28701,-0.0000059980,-0.0000482448,-0.0000348711,0.0000598292
28702,-0.0000061599,-0.0000480554,-0.0000382597,0.0000617339
28703,-0.0000095183,-0.0000489019,-0.0000500624,0.0000706275
28704,-0.0000032774,-0.0000473434,-0.0000276404,0.0000549193
28705,-0.0000116461,-0.0000497894,-0.0000532490,0.0000738246
28706,-0.0000142581,-0.0000503992,-0.0000634413,0.0000822689
28707,-0.0000087579,-0.0000490908,-0.0000428422,0.0000657424
28708,0.0000093777,-0.0000515482,0.0000444472,0.0000687075
28709,0.0000082474,-0.0000508908,0.0000375119,0.0000637577
28710,0.0000070565,-0.0000503068,0.0000302741,0.0000591362
28711,0.0000056993,-0.0000497640,0.0000226608,0.0000549768
28712,0.0000040170,-0.0000494421,0.0000147327,0.0000517466
28713,0.0000021922,-0.0000491966,0.0000062082,0.0000496352
28714,0.0000054740,-0.0000511762,0.0000267874,0.0000580219
28715,0.0000037630,-0.0000520276,0.0000227039,0.0000568902
28716,0.0000069383,-0.0000516854,0.0000346390,0.0000626050
28717,0.0000081438,-0.0000522992,0.0000421857,0.0000676843
28718,0.0000053440,-0.0000525516,0.0000311541,0.0000613254
28719,0.0000068381,-0.0000531321,0.0000393060,0.0000664435
28720,0.0000020652,-0.0000504086,0.0000099680,0.0000514262
28721,0.0000001128,-0.0000514127,0.0000046920,0.0000516265
28722,0.0000038790,-0.0000506931,0.0000186375,0.0000541497
28723,0.0000020131,-0.0000517066,0.0000138697,0.0000535723
28724,0.0000001399,-0.0000501654,0.0000009608,0.0000501748
28725,-0.0000019828,-0.0000512192,-0.0000050429,0.0000515051
28726,0.0000100393,-0.0000474891,0.0000304543,0.0000573016
28727,0.0000087674,-0.0000481779,0.0000286358,0.0000567273
28728,0.0000073109,-0.0000489805,0.0000259662,0.0000559177
28729,0.0000097888,-0.0000487788,0.0000350656,0.0000608669
28730,0.0000106609,-0.0000495095,0.0000411238,0.0000652381
28731,0.0000115360,-0.0000503166,0.0000471018,0.0000698814
28732,0.0000123631,-0.0000496135,0.0000460264,0.0000687952
28733,0.0000110136,-0.0000481793,0.0000364115,0.0000613868
28734,0.0000116930,-0.0000490232,0.0000417825,0.0000654658
28735,0.0000095322,-0.0000501702,0.0000396714,0.0000646663
28736,0.0000084775,-0.0000495341,0.0000330531,0.0000601499
28737,0.0000104221,-0.0000508708,0.0000461825,0.0000694930
28738,0.0000059957,-0.0000474434,0.0000147499,0.0000500438
28739,0.0000075349,-0.0000477302,0.0000217038,0.0000529718
28740,0.0000077786,-0.0000464920,0.0000173593,0.0000502330
28741,0.0000090754,-0.0000468976,0.0000241077,0.0000535063
28742,0.0000042604,-0.0000482906,0.0000110968,0.0000497320
28743,0.0000058160,-0.0000485721,0.0000187188,0.0000523782
28744,0.0000117710,-0.0000598702,0.0000828884,0.0001029247
28745,0.0000111616,-0.0000608158,0.0000824581,0.0001030654
28746,0.0000104717,-0.0000618658,0.0000817503,0.0001030541
28747,0.0000096705,-0.0000629770,0.0000806172,0.0001027558
28748,0.0000088785,-0.0000641179,0.0000789955,0.0001021285
28749,0.0000079693,-0.0000653432,0.0000769929,0.0001012973
28750,0.0000070644,-0.0000665285,0.0000744023,0.0001000582
28751,0.0000059675,-0.0000678207,0.0000712252,0.0000985306
28752,0.0000048371,-0.0000691974,0.0000675963,0.0000968552
28753,0.0000036541,-0.0000706422,0.0000638070,0.0000952628
28754,0.0000023226,-0.0000720352,0.0000592539,0.0000933032
28755,0.0000008274,-0.0000735407,0.0000537910,0.0000911175
28756,-0.0000006126,-0.0000751435,0.0000488382,0.0000896220
28757,0.0000184594,-0.0000726455,0.0001509325,0.0001685193
28758,0.0000187118,-0.0000737844,0.0001553358,0.0001729840
28759,0.0000188309,-0.0000747672,0.0001581253,0.0001759214
28760,0.0000189606,-0.0000757984,0.0001608559,0.0001788282
28761,0.0000190394,-0.0000768992,0.0001634834,0.0001816668
28762,0.0000190538,-0.0000781770,0.0001659207,0.0001844028
28763,0.0000190196,-0.0000794604,0.0001678019,0.0001866365
28764,0.0000188998,-0.0000806815,0.0001691943,0.0001883970
28765,0.0000187482,-0.0000819831,0.0001703465,0.0001899754
28766,0.0000185801,-0.0000834319,0.0001714910,0.0001916123
28767,0.0000183635,-0.0000849115,0.0001723110,0.0001929722
28768,0.0000180696,-0.0000864264,0.0001726846,0.0001939485
28769,0.0000177300,-0.0000879009,0.0001725849,0.0001944903
28770,0.0000198074,-0.0000809359,0.0001753325,0.0001941248
28771,0.0000205206,-0.0000823463,0.0001823869,0.0002011640
28772,0.0000212428,-0.0000837995,0.0001892434,0.0002080545
28773,0.0000219438,-0.0000853157,0.0001960945,0.0002149729
28774,0.0000225825,-0.0000868466,0.0002027838,0.0002217512
28775,0.0000232141,-0.0000884514,0.0002093313,0.0002284341
28776,0.0000238269,-0.0000900482,0.0002157609,0.0002350088
28777,0.0000244210,-0.0000917048,0.0002220925,0.0002415186
28778,0.0000249958,-0.0000933514,0.0002283339,0.0002479428
28779,0.0000256031,-0.0000951534,0.0002347151,0.0002545602
28780,0.0000208284,-0.0000810707,0.0001827812,0.0002010354
28781,0.0000213330,-0.0000821735,0.0001881509,0.0002064179
28782,0.0000218209,-0.0000834419,0.0001933135,0.0002116810
28783,0.0000222775,-0.0000846672,0.0001980439,0.0002165323
28784,0.0000226609,-0.0000859158,0.0002022537,0.0002209108
28785,0.0000229528,-0.0000871665,0.0002058981,0.0002247641
28786,0.0000222853,-0.0000849928,0.0001989075,0.0002174502
28787,0.0000227278,-0.0000865622,0.0002043660,0.0002231032
28788,0.0000231428,-0.0000881284,0.0002095647,0.0002285160
28789,0.0000235338,-0.0000896798,0.0002144810,0.0002336630
28790,0.0000218240,-0.0000853076,0.0001965702,0.0002153916
28791,0.0000225774,-0.0000869218,0.0002040626,0.0002229500
28792,0.0000221592,-0.0000868124,0.0002010745,0.0002201327
28793,0.0000228795,-0.0000882720,0.0002081059,0.0002272080
28794,0.0000212106,-0.0000826517,0.0001881140,0.0002065625
28795,0.0000216760,-0.0000843645,0.0001940807,0.0002127311
28796,0.0000217713,-0.0000837632,0.0001935674,0.0002120344
28797,0.0000222001,-0.0000853881,0.0001991352,0.0002178045
28798,0.0000240811,-0.0000903557,0.0002182416,0.0002374310
28799,0.0000236882,-0.0000890732,0.0002140095,0.0002330133
28800,0.0000232365,-0.0000878137,0.0002093609,0.0002282174
28801,0.0000231838,-0.0000874656,0.0002081611,0.0002269774
28802,0.0000235221,-0.0000887605,0.0002121368,0.0002311574
28803,0.0000227636,-0.0000862302,0.0002037741,0.0002224359
28804,0.0000246303,-0.0000922322,0.0002249424,0.0002443615
28805,0.0000241781,-0.0000906732,0.0002196381,0.0002388453
28806,0.0000251454,-0.0000936694,0.0002299422,0.0002495590
28807,0.0000246260,-0.0000920238,0.0002242437,0.0002436392
28808,0.0000241000,-0.0000909224,0.0002198481,0.0002391253
28809,0.0000236805,-0.0000893711,0.0002147398,0.0002337972
28810,0.0000193906,-0.0000761436,0.0001643864,0.0001821997
28811,0.0000199422,-0.0000775483,0.0001703339,0.0001882155
28812,0.0000204662,-0.0000790837,0.0001766634,0.0001946357
28813,0.0000209674,-0.0000805888,0.0001826894,0.0002007726
28814,0.0000213876,-0.0000819066,0.0001877197,0.0002059243
28815,0.0000199654,-0.0000777228,0.0001710164,0.0001889076
28816,0.0000204589,-0.0000790995,0.0001768055,0.0001947703
28817,0.0000204297,-0.0000794060,0.0001771180,0.0001951755
28818,0.0000209188,-0.0000806333,0.0001824557,0.0002005727
28819,0.0000195275,-0.0000760589,0.0001648898,0.0001826333
28820,0.0000196645,-0.0000765086,0.0001666717,0.0001844443
28821,0.0000201874,-0.0000781459,0.0001732636,0.0001911402
28822,0.0000189366,-0.0000741786,0.0001572801,0.0001749231
28823,0.0000191798,-0.0000750705,0.0001606855,0.0001783908
28824,0.0000211007,-0.0000825172,0.0001864404,0.0002049740
28825,0.0000209533,-0.0000813034,0.0001834035,0.0002017080
28826,0.0000207069,-0.0000801840,0.0001801180,0.0001982442
28827,0.0000203134,-0.0000798237,0.0001769078,0.0001951431
28828,0.0000197018,-0.0000783573,0.0001702621,0.0001884601
28829,0.0000204619,-0.0000810296,0.0001797276,0.0001982082
28830,0.0000197687,-0.0000795868,0.0001729241,0.0001913834
28831,0.0000201541,-0.0000786553,0.0001738180,0.0001918477
28832,0.0000195496,-0.0000772226,0.0001674325,0.0001854161
28833,0.0000221155,-0.0000843702,0.0001961613,0.0002146781
28834,0.0000215330,-0.0000828281,0.0001898626,0.0002082594
28835,0.0000223611,-0.0000855834,0.0001995462,0.0002182733
28836,0.0000217489,-0.0000840248,0.0001930488,0.0002116625
28837,0.0000217976,-0.0000831921,0.0001924042,0.0002107497
28838,0.0000212620,-0.0000816925,0.0001864279,0.0002046487
28839,0.0000234576,-0.0000897917,0.0002125349,0.0002319135
28840,0.0000236256,-0.0000912372,0.0002155281,0.0002352334
28841,0.0000237634,-0.0000927243,0.0002182532,0.0002383211
28842,0.0000238353,-0.0000942421,0.0002205847,0.0002410546
28843,0.0000238323,-0.0000957437,0.0002225078,0.0002434020
28844,0.0000238214,-0.0000972716,0.0002240084,0.0002453752
28845,0.0000244529,-0.0000942983,0.0002250150,0.0002451976
28846,0.0000251485,-0.0000959195,0.0002317647,0.0002520870
28847,0.0000258591,-0.0000976208,0.0002385605,0.0002590552
28848,0.0000265663,-0.0000994097,0.0002455123,0.0002662036
28849,0.0000249825,-0.0000944750,0.0002288926,0.0002488804
28850,0.0000247338,-0.0000930611,0.0002256520,0.0002453385
28851,0.0000243180,-0.0000928306,0.0002222270,0.0002420614
28852,0.0000240911,-0.0000914176,0.0002191151,0.0002386398
28853,0.0000262447,-0.0000978188,0.0002417994,0.0002621531
28854,0.0000256411,-0.0000961434,0.0002354962,0.0002556550
28855,0.0000259493,-0.0000964636,0.0002384545,0.0002585327
28856,0.0000253361,-0.0000947402,0.0002320319,0.0002519056
28857,0.0000254074,-0.0001003722,0.0002382157,0.0002597438
28858,0.0000253697,-0.0000988564,0.0002364059,0.0002574955
28859,0.0000253054,-0.0000973420,0.0002342851,0.0002549615
28860,0.0000246177,-0.0000972849,0.0002294755,0.0002504584
28861,0.0000246185,-0.0000987716,0.0002311427,0.0002525646
28862,0.0000245724,-0.0000957723,0.0002274529,0.0002480140
28863,0.0000268321,-0.0001020888,0.0002500120,0.0002713818
28864,0.0000261018,-0.0001004524,0.0002432961,0.0002645090
28865,0.0000269296,-0.0001036125,0.0002521187,0.0002739062
28866,0.0000261767,-0.0001019806,0.0002452417,0.0002668872
28867,0.0000267439,-0.0001007953,0.0002481057,0.0002691308
28868,0.0000260103,-0.0000990250,0.0002411286,0.0002619646
28869,0.0000193985,-0.0000846470,0.0001784708,0.0001984773
28870,0.0000201826,-0.0000859154,0.0001853299,0.0002052705
28871,0.0000209436,-0.0000873454,0.0001922469,0.0002121950
28872,0.0000216703,-0.0000886768,0.0001989274,0.0002188727
28873,0.0000223520,-0.0000898472,0.0002049183,0.0002248636
28874,0.0000230429,-0.0000912069,0.0002115005,0.0002314782
28875,0.0000213469,-0.0000851446,0.0001919048,0.0002110278
28876,0.0000215325,-0.0000868542,0.0001955435,0.0002150454
28877,0.0000220563,-0.0000866886,0.0001989478,0.0002181321
28878,0.0000227610,-0.0000882359,0.0002058029,0.0002250743
28879,0.0000222182,-0.0000881990,0.0002020083,0.0002215402
28880,0.0000229042,-0.0000897034,0.0002087592,0.0002283674
28881,0.0000205729,-0.0000837837,0.0001847933,0.0002039400
28882,0.0000202917,-0.0000845830,0.0001841541,0.0002036634
28883,0.0000210114,-0.0000861245,0.0001909237,0.0002105012
28884,0.0000197371,-0.0000821064,0.0001766436,0.0001957907
28885,0.0000195580,-0.0000832524,0.0001773596,0.0001969008
28886,0.0000204586,-0.0000916456,0.0001949942,0.0002164260
28887,0.0000206601,-0.0000901765,0.0001943724,0.0002152656
28888,0.0000208275,-0.0000886974,0.0001934265,0.0002138102
28889,0.0000198160,-0.0000888595,0.0001871759,0.0002081430
28890,0.0000189490,-0.0000876067,0.0001799426,0.0002010306
28891,0.0000195653,-0.0000903420,0.0001875959,0.0002091332
28892,0.0000186584,-0.0000891137,0.0001801444,0.0002018450
28893,0.0000200271,-0.0000873915,0.0001864395,0.0002068769
28894,0.0000191982,-0.0000861294,0.0001793834,0.0001999131
28895,0.0000230794,-0.0000943300,0.0002155765,0.0002364403
28896,0.0000222793,-0.0000929023,0.0002085755,0.0002294144
28897,0.0000214762,-0.0000915130,0.0002015085,0.0002223545
28898,0.0000221736,-0.0000943638,0.0002096217,0.0002309490
28899,0.0000230056,-0.0000957971,0.0002168455,0.0002381771
28900,0.0000213261,-0.0000929889,0.0002023386,0.0002237022
28901,0.0000223766,-0.0000914242,0.0002071926,0.0002275695
28902,0.0000231117,-0.0000927582,0.0002137982,0.0002341963
28903,0.0000216077,-0.0000900841,0.0002003958,0.0002207726
28904,0.0000083689,-0.0000673908,0.0000830721,0.0001072965
28905,0.0000095566,-0.0000682616,0.0000914452,0.0001145129
28906,0.0000107372,-0.0000691099,0.0000997258,0.0001218060
28907,0.0000118570,-0.0000700566,0.0001077753,0.0001290893
28908,0.0000128815,-0.0000710431,0.0001155959,0.0001362919
28909,0.0000138659,-0.0000720829,0.0001232546,0.0001434569
28910,0.0000148066,-0.0000731936,0.0001308839,0.0001506889
28911,0.0000157205,-0.0000744175,0.0001386392,0.0001581326
28912,0.0000165876,-0.0000756190,0.0001460799,0.0001653261
28913,0.0000174119,-0.0000768265,0.0001533855,0.0001724314
28914,0.0000182104,-0.0000781054,0.0001605863,0.0001794994
28915,0.0000158337,-0.0000660239,0.0001205346,0.0001383418
28916,0.0000156856,-0.0000670135,0.0001223331,0.0001403647
28917,0.0000154974,-0.0000678364,0.0001232628,0.0001415474
28918,0.0000151356,-0.0000687756,0.0001234875,0.0001421560
28919,0.0000147393,-0.0000698489,0.0001238105,0.0001429166
28920,0.0000143365,-0.0000709404,0.0001236616,0.0001432839
28921,0.0000162438,-0.0000692888,0.0001310638,0.0001491393
28922,0.0000169519,-0.0000705372,0.0001379367,0.0001558506
28923,0.0000176210,-0.0000719210,0.0001447996,0.0001626347
28924,0.0000182529,-0.0000733312,0.0001515752,0.0001693685
28925,0.0000170270,-0.0000687589,0.0001339108,0.0001514920
28926,0.0000170162,-0.0000695946,0.0001359770,0.0001536968
28927,0.0000175877,-0.0000701361,0.0001402584,0.0001577999
28928,0.0000181172,-0.0000716636,0.0001468277,0.0001643845
28929,0.0000176177,-0.0000709431,0.0001425319,0.0001601832
28930,0.0000181897,-0.0000723888,0.0001491070,0.0001667450
28931,0.0000164363,-0.0000674241,0.0001273624,0.0001450425
28932,0.0000163545,-0.0000683043,0.0001292806,0.0001471272
28933,0.0000176481,-0.0000730317,0.0001474473,0.0001654865
28934,0.0000176381,-0.0000743046,0.0001500384,0.0001683562
28935,0.0000175879,-0.0000756259,0.0001521016,0.0001707733
28936,0.0000183520,-0.0000755542,0.0001566923,0.0001749220
28937,0.0000182819,-0.0000743885,0.0001541199,0.0001721070
28938,0.0000183405,-0.0000768538,0.0001589007,0.0001774608
28939,0.0000155372,-0.0000709305,0.0001306202,0.0001494462
28940,0.0000162718,-0.0000721436,0.0001373820,0.0001560234
28941,0.0000170018,-0.0000732908,0.0001440274,0.0001624946
28942,0.0000169902,-0.0000718329,0.0001410648,0.0001592103
28943,0.0000158308,-0.0000698635,0.0001300106,0.0001484395
28944,0.0000164698,-0.0000711669,0.0001364455,0.0001547687
28945,0.0000160201,-0.0000732304,0.0001381638,0.0001571896
28946,0.0000151993,-0.0000720534,0.0001309964,0.0001502757
28947,0.0000168140,-0.0000744357,0.0001452044,0.0001640357
28948,0.0000114318,-0.0000627369,0.0000890186,0.0001095030
28949,0.0000123156,-0.0000636793,0.0000961257,0.0001159607
28950,0.0000131734,-0.0000647580,0.0001031168,0.0001224753
28951,0.0000139674,-0.0000657542,0.0001100772,0.0001289794
28952,0.0000147125,-0.0000666556,0.0001163320,0.0001348798
28953,0.0000144404,-0.0000634211,0.0001060825,0.0001244357
28954,0.0000142128,-0.0000645389,0.0001083194,0.0001268872
28955,0.0000151814,-0.0000647519,0.0001134686,0.0001315234
28956,0.0000149449,-0.0000656567,0.0001151052,0.0001333543
28957,0.0000135779,-0.0000622177,0.0000986319,0.0001174039
28958,0.0000129003,-0.0000627445,0.0000965566,0.0001158726
28959,0.0000135749,-0.0000639085,0.0001032333,0.0001221707
28960,0.0000127118,-0.0000609262,0.0000904232,0.0001097722
28961,0.0000120770,-0.0000617322,0.0000895881,0.0001094657
28962,0.0000114335,-0.0000678824,0.0001009733,0.0001222062
28963,0.0000120853,-0.0000667604,0.0001020380,0.0001225347
28964,0.0000126347,-0.0000657017,0.0001027576,0.0001226192
28965,0.0000110699,-0.0000658181,0.0000944859,0.0001156813
28966,0.0000099923,-0.0000649550,0.0000868279,0.0001088948
28967,0.0000103667,-0.0000669836,0.0000931107,0.0001151689
28968,0.0000091989,-0.0000661438,0.0000850859,0.0001081630
28969,0.0000117543,-0.0000647169,0.0000955062,0.0001159649
28970,0.0000107679,-0.0000638173,0.0000881330,0.0001093436
28971,0.0000139266,-0.0000687962,0.0001167433,0.0001362199
28972,0.0000130324,-0.0000677487,0.0001094914,0.0001294145
28973,0.0000134311,-0.0000698793,0.0001162390,0.0001362902
28974,0.0000124582,-0.0000688583,0.0001086910,0.0001292688
28975,0.0000143638,-0.0000677651,0.0001168968,0.0001358797
28976,0.0000135274,-0.0000667299,0.0001099590,0.0001293323
28977,0.0000133518,-0.0000733105,0.0001227059,0.0001435599
28978,0.0000128439,-0.0000746554,0.0001220687,0.0001436633
28979,0.0000122964,-0.0000760954,0.0001213403,0.0001437539
28980,0.0000117166,-0.0000775940,0.0001203558,0.0001436789
28981,0.0000110915,-0.0000791374,0.0001191081,0.0001434312
28982,0.0000104175,-0.0000807148,0.0001175337,0.0001429600
28983,0.0000133362,-0.0000770541,0.0001290056,0.0001508564
28984,0.0000143018,-0.0000780474,0.0001365104,0.0001578956
28985,0.0000152282,-0.0000790761,0.0001437883,0.0001648029
28986,0.0000160883,-0.0000802579,0.0001509657,0.0001717289
28987,0.0000169653,-0.0000813463,0.0001580790,0.0001785890
28988,0.0000177752,-0.0000822723,0.0001645489,0.0001848271
28989,0.0000162735,-0.0000769386,0.0001466325,0.0001663895
28990,0.0000156859,-0.0000777291,0.0001442487,0.0001646072
28991,0.0000180994,-0.0000793212,0.0001618482,0.0001811471
28992,0.0000179627,-0.0000807555,0.0001632379,0.0001830047
28993,0.0000172178,-0.0000780755,0.0001543006,0.0001737841
28994,0.0000171433,-0.0000796321,0.0001563162,0.0001762667
28995,0.0000164356,-0.0000790367,0.0001511091,0.0001713210
28996,0.0000143377,-0.0000743623,0.0001303850,0.0001507832
28997,0.0000153041,-0.0000755207,0.0001381683,0.0001582026
28998,0.0000138483,-0.0000756640,0.0001296582,0.0001507583
28999,0.0000147864,-0.0000766739,0.0001370909,0.0001577702
29000,0.0000137602,-0.0000835515,0.0001417047,0.0001650770
29001,0.0000142757,-0.0000820136,0.0001426584,0.0001651710
29002,0.0000147667,-0.0000805104,0.0001433377,0.0001650626
29003,0.0000132480,-0.0000810127,0.0001349442,0.0001579510
29004,0.0000121882,-0.0000800630,0.0001270886,0.0001506988
29005,0.0000126854,-0.0000825652,0.0001337611,0.0001577022
29006,0.0000115637,-0.0000816135,0.0001257183,0.0001503316
29007,0.0000137990,-0.0000794979,0.0001358464,0.0001580018
29008,0.0000127905,-0.0000785284,0.0001281982,0.0001508811
29009,0.0000171610,-0.0000852748,0.0001653050,0.0001867941
29010,0.0000162280,-0.0000841445,0.0001578190,0.0001795842
29011,0.0000152534,-0.0000830530,0.0001502749,0.0001723746
29012,0.0000157987,-0.0000856422,0.0001573056,0.0001798033
29013,0.0000167734,-0.0000867319,0.0001649773,0.0001871398
29014,0.0000147894,-0.0000845658,0.0001495400,0.0001724306
29015,0.0000166242,-0.0000827117,0.0001580946,0.0001791968
29016,0.0000175201,-0.0000838177,0.0001653204,0.0001861805
29017,0.0000157154,-0.0000816023,0.0001507421,0.0001721310
29018,0.0000050728,-0.0000713383,0.0000727242,0.0001019985
29019,0.0000064716,-0.0000720241,0.0000814585,0.0001089258
29020,0.0000077346,-0.0000728630,0.0000897603,0.0001158696
29021,0.0000089693,-0.0000736612,0.0000980772,0.0001229860
29022,0.0000101226,-0.0000743141,0.0001056277,0.0001295464
29023,0.0000112341,-0.0000751712,0.0001134936,0.0001365933
29024,0.0000100718,-0.0000704214,0.0000984068,0.0001214270
29025,0.0000095544,-0.0000719454,0.0000984472,0.0001223082
29026,0.0000112389,-0.0000713405,0.0001068248,0.0001289470
29027,0.0000123242,-0.0000723146,0.0001148891,0.0001363113
29028,0.0000107009,-0.0000727765,0.0001062786,0.0001292519
29029,0.0000117855,-0.0000736969,0.0001142335,0.0001364531
29030,0.0000087163,-0.0000696442,0.0000895405,0.0001137708
29031,0.0000074727,-0.0000706017,0.0000844854,0.0001103550
29032,0.0000085237,-0.0000716247,0.0000919710,0.0001168820
29033,0.0000073713,-0.0000685881,0.0000800874,0.0001057008
29034,0.0000062044,-0.0000698717,0.0000761533,0.0001035369
29035,0.0000081985,-0.0000751143,0.0000961635,0.0001222979
29036,0.0000074225,-0.0000766613,0.0000942290,0.0001217011
29037,0.0000066243,-0.0000782673,0.0000921622,0.0001210930
29038,0.0000087177,-0.0000774560,0.0001026945,0.0001289247
29039,0.0000099179,-0.0000782707,0.0001109974,0.0001361803
29040,0.0000094571,-0.0000758937,0.0001044832,0.0001294837
29041,0.0000106111,-0.0000767090,0.0001124393,0.0001365264
29042,0.0000079485,-0.0000790466,0.0001007381,0.0001282954
29043,0.0000091928,-0.0000798588,0.0001092038,0.0001356001
29044,0.0000054995,-0.0000735024,0.0000786414,0.0001077836
29045,0.0000047594,-0.0000752004,0.0000772525,0.0001079152
29046,0.0000039035,-0.0000770230,0.0000753617,0.0001078293
29047,0.0000061040,-0.0000758750,0.0000856549,0.0001145908
29048,0.0000069032,-0.0000742879,0.0000875403,0.0001150202
29049,0.0000052741,-0.0000775557,0.0000836275,0.0001141765
29050,0.0000022803,-0.0000741243,0.0000624829,0.0000969728
29051,0.0000034971,-0.0000750075,0.0000700779,0.0001027096
29052,0.0000039228,-0.0000729099,0.0000691238,0.0001005452
29053,0.0000009671,-0.0000757216,0.0000578886,0.0000953194
29054,0.0000024182,-0.0000764050,0.0000664736,0.0001013031
29055,-0.0000016075,-0.0000536668,0.0000033018,0.0000537923
29056,-0.0000036670,-0.0000548757,-0.0000026100,0.0000550600
29057,-0.0000057700,-0.0000560822,-0.0000091790,0.0000571206
29058,-0.0000079984,-0.0000573190,-0.0000165938,0.0000602063
29059,-0.0000102993,-0.0000586319,-0.0000244215,0.0000643443
29060,-0.0000127693,-0.0000600560,-0.0000328959,0.0000696557
29061,-0.0000153312,-0.0000614582,-0.0000418999,0.0000759458
29062,-0.0000180399,-0.0000630551,-0.0000514392,0.0000833510
29063,-0.0000208599,-0.0000647426,-0.0000612083,0.0000915052
29064,-0.0000236771,-0.0000665031,-0.0000711569,0.0001002326
29065,-0.0000267488,-0.0000683344,-0.0000818520,0.0001099310
29066,-0.0000301449,-0.0000701838,-0.0000936176,0.0001208253
29067,-0.0000333361,-0.0000722567,-0.0001047136,0.0001315190
29068,-0.0000127743,-0.0000616035,-0.0000302581,0.0000698121
29069,-0.0000103781,-0.0000618301,-0.0000191536,0.0000655555
29070,-0.0000081440,-0.0000621292,-0.0000083438,0.0000632138
29071,-0.0000059177,-0.0000623198,0.0000020298,0.0000626330
29072,-0.0000039404,-0.0000626508,0.0000121657,0.0000639426
29073,-0.0000020514,-0.0000630971,0.0000219516,0.0000668381
29074,-0.0000002920,-0.0000635394,0.0000312186,0.0000707950
29075,0.0000012906,-0.0000640276,0.0000400726,0.0000755448
29076,0.0000028789,-0.0000645840,0.0000489223,0.0000810727
29077,0.0000043406,-0.0000651792,0.0000575300,0.0000870452
29078,0.0000057377,-0.0000657757,0.0000659274,0.0000933048
29079,0.0000068289,-0.0000561647,0.0000488115,0.0000747240
29080,0.0000055826,-0.0000572101,0.0000459099,0.0000735655
29081,0.0000043691,-0.0000583439,0.0000427361,0.0000724533
29082,0.0000029460,-0.0000593669,0.0000384397,0.0000707864
29083,0.0000013368,-0.0000604121,0.0000328093,0.0000687594
29084,-0.0000003746,-0.0000617213,0.0000273573,0.0000675135
29085,0.0000057493,-0.0000589392,0.0000509095,0.0000780939
29086,0.0000070813,-0.0000596150,0.0000590252,0.0000841906
29087,0.0000082979,-0.0000603221,0.0000668436,0.0000904195
29088,0.0000093955,-0.0000610848,0.0000744503,0.0000967599
29089,0.0000098747,-0.0000581509,0.0000686026,0.0000904730
29090,0.0000091234,-0.0000592939,0.0000684465,0.0000910161
29091,0.0000108028,-0.0000589450,0.0000755819,0.0000964564
29092,0.0000102241,-0.0000599742,0.0000753094,0.0000968140
29093,0.0000080217,-0.0000568535,0.0000562155,0.0000803545
29094,0.0000088937,-0.0000577343,0.0000628464,0.0000858022
29095,0.0000068460,-0.0000578461,0.0000536504,0.0000791922
29096,0.0000079998,-0.0000586013,0.0000610214,0.0000849807
29097,0.0000073820,-0.0000614037,0.0000649518,0.0000896864
29098,0.0000064533,-0.0000625862,0.0000629266,0.0000889856
29099,0.0000054739,-0.0000638430,0.0000606206,0.0000882086
29100,0.0000076902,-0.0000633197,0.0000710328,0.0000954682
29101,0.0000085710,-0.0000621797,0.0000728838,0.0000961864
29102,0.0000067583,-0.0000645371,0.0000687437,0.0000945325
29103,0.0000027490,-0.0000609458,0.0000410850,0.0000735522
29104,0.0000038505,-0.0000617190,0.0000481853,0.0000783956
29105,0.0000051840,-0.0000619658,0.0000550635,0.0000830580
29106,0.0000060321,-0.0000606911,0.0000565291,0.0000831585
29107,0.0000044569,-0.0000601019,0.0000476059,0.0000768012
29108,0.0000026258,-0.0000628248,0.0000443025,0.0000769192
29109,0.0000012187,-0.0000622014,0.0000361619,0.0000719596
29110,0.0000041055,-0.0000633561,0.0000527054,0.0000825149
29111,-0.0000037922,-0.0000562724,0.0000001089,0.0000564001
29112,-0.0000019448,-0.0000565421,0.0000091255,0.0000573068
29113,-0.0000003432,-0.0000569761,0.0000174221,0.0000595812
29114,0.0000013916,-0.0000573534,0.0000261357,0.0000630430
29115,0.0000028605,-0.0000577723,0.0000343147,0.0000672556
29116,0.0000040057,-0.0000549772,0.0000322258,0.0000638518
29117,0.0000028045,-0.0000561035,0.0000296292,0.0000635088
29118,0.0000054737,-0.0000555472,0.0000408391,0.0000691613
29119,0.0000042428,-0.0000566236,0.0000378231,0.0000682263
29120,0.0000020662,-0.0000545585,0.0000225973,0.0000590892
29121,-0.0000000461,-0.0000554011,0.0000151430,0.0000574334
29122,0.0000012198,-0.0000560226,0.0000223494,0.0000603284
29123,0.0000002882,-0.0000539900,0.0000128281,0.0000554938
29124,-0.0000017730,-0.0000550844,0.0000064211,0.0000554857
29125,-0.0000060389,-0.0000606962,-0.0000011010,0.0000610058
29126,-0.0000039560,-0.0000593210,0.0000056810,0.0000597235
29127,-0.0000020590,-0.0000581195,0.0000119043,0.0000593619
29128,-0.0000059289,-0.0000590326,-0.0000039270,0.0000594594
29129,-0.0000079716,-0.0000587544,-0.0000139670,0.0000609156
29130,-0.0000080855,-0.0000604006,-0.0000112396,0.0000619672
29131,-0.0000103321,-0.0000601776,-0.0000218317,0.0000648438
29132,-0.0000038543,-0.0000577356,0.0000028218,0.0000579329
29133,-0.0000057952,-0.0000574960,-0.0000066051,0.0000581636
29134,-0.0000003360,-0.0000600110,0.0000240774,0.0000646618
29135,-0.0000021051,-0.0000596237,0.0000149838,0.0000615137
29136,-0.0000020610,-0.0000613151,0.0000183091,0.0000640236
29137,-0.0000039826,-0.0000609147,0.0000086881,0.0000616599
29138,0.0000014037,-0.0000588463,0.0000297055,0.0000659338
29139,-0.0000003426,-0.0000584556,0.0000208195,0.0000620534
29140,-0.0000036330,-0.0000644439,0.0000165568,0.0000666359
29141,-0.0000052051,-0.0000658869,0.0000115387,0.0000670918
29142,-0.0000068207,-0.0000675745,0.0000063770,0.0000682166
29143,-0.0000086243,-0.0000692439,0.0000005718,0.0000697813
29144,-0.0000104499,-0.0000709020,-0.0000056277,0.0000718886
29145,-0.0000123240,-0.0000726573,-0.0000120687,0.0000746767
29146,-0.0000048924,-0.0000679071,0.0000162408,0.0000699934
29147,-0.0000030266,-0.0000683223,0.0000260565,0.0000731850
29148,-0.0000012850,-0.0000688438,0.0000357266,0.0000775726
29149,0.0000004616,-0.0000693593,0.0000452184,0.0000827988
29150,0.0000021091,-0.0000699407,0.0000545024,0.0000886942
29151,0.0000001371,-0.0000673778,0.0000404034,0.0000785634
29152,0.0000015290,-0.0000659290,0.0000447878,0.0000797178
29153,-0.0000015593,-0.0000668518,0.0000309712,0.0000736940
29154,-0.0000033040,-0.0000663263,0.0000213422,0.0000697537
29155,-0.0000001098,-0.0000653659,0.0000356390,0.0000744503
29156,-0.0000017914,-0.0000649135,0.0000262415,0.0000700399
29157,0.0000033711,-0.0000685223,0.0000587326,0.0000903116
29158,0.0000018055,-0.0000679075,0.0000496339,0.0000841321
29159,0.0000046076,-0.0000671334,0.0000625740,0.0000918893
29160,0.0000030823,-0.0000665196,0.0000537854,0.0000855993
29161,-0.0000060084,-0.0000736967,0.0000195032,0.0000764701
29162,-0.0000043176,-0.0000720097,0.0000252921,0.0000764443
29163,-0.0000027730,-0.0000703752,0.0000306684,0.0000768174
29164,-0.0000062600,-0.0000716290,0.0000151554,0.0000734819
29165,-0.0000082641,-0.0000712122,0.0000049109,0.0000718582
29166,-0.0000079794,-0.0000733350,0.0000093275,0.0000743552
29167,-0.0000101012,-0.0000729743,-0.0000013248,0.0000736820
29168,-0.0000045982,-0.0000699448,0.0000208117,0.0000731201
29169,-0.0000065471,-0.0000695692,0.0000107817,0.0000707035
29170,-0.0000007877,-0.0000729938,0.0000446421,0.0000855665
29171,-0.0000025022,-0.0000724757,0.0000351300,0.0000805798
29172,-0.0000022978,-0.0000745980,0.0000394051,0.0000843972
29173,-0.0000040756,-0.0000741166,0.0000296400,0.0000799276
29174,0.0000007170,-0.0000713960,0.0000497758,0.0000870375
29175,-0.0000009751,-0.0000708584,0.0000403293,0.0000815372
29176,-0.0000208396,-0.0000665420,-0.0000585232,0.0000910335
29177,-0.0000180084,-0.0000664791,-0.0000461419,0.0000829026
29178,-0.0000154245,-0.0000666304,-0.0000345965,0.0000766449
29179,-0.0000131002,-0.0000668014,-0.0000237635,0.0000721023
29180,-0.0000110188,-0.0000671497,-0.0000136970,0.0000694126
29181,-0.0000088613,-0.0000673488,-0.0000033916,0.0000680139
29182,-0.0000103454,-0.0000634306,-0.0000164925,0.0000663512
29183,-0.0000129616,-0.0000649228,-0.0000259623,0.0000711127
29184,-0.0000057125,-0.0000640443,0.0000062706,0.0000646036
29185,-0.0000071906,-0.0000656340,0.0000018486,0.0000660526
29186,-0.0000080040,-0.0000638287,-0.0000051066,0.0000645310
29187,-0.0000107489,-0.0000651557,-0.0000155123,0.0000678339
29188,-0.0000091418,-0.0000656854,-0.0000071645,0.0000667044
29189,-0.0000153913,-0.0000631563,-0.0000393405,0.0000759821
29190,-0.0000128233,-0.0000632228,-0.0000278044,0.0000702470
29191,-0.0000181001,-0.0000648187,-0.0000488711,0.0000831712
29192,-0.0000154184,-0.0000648386,-0.0000371033,0.0000762786
29193,-0.0000152968,-0.0000685044,-0.0000313365,0.0000768689
29194,-0.0000174637,-0.0000702999,-0.0000385657,0.0000820632
29195,-0.0000196144,-0.0000721121,-0.0000457378,0.0000876175
29196,-0.0000150123,-0.0000703856,-0.0000273731,0.0000769986
29197,-0.0000126759,-0.0000706691,-0.0000164095,0.0000736483
29198,-0.0000130465,-0.0000687587,-0.0000205852,0.0000729502
29199,-0.0000107455,-0.0000689797,-0.0000098628,0.0000705049
29200,-0.0000170288,-0.0000722114,-0.0000342935,0.0000817344
29201,-0.0000146625,-0.0000723807,-0.0000230899,0.0000773763
29202,-0.0000205816,-0.0000683155,-0.0000548284,0.0000899820
29203,-0.0000225795,-0.0000701592,-0.0000613734,0.0000959106
29204,-0.0000248063,-0.0000721548,-0.0000688453,0.0001027684
29205,-0.0000199197,-0.0000701043,-0.0000499843,0.0000883733
29206,-0.0000177363,-0.0000683160,-0.0000426699,0.0000824765
29207,-0.0000222042,-0.0000720319,-0.0000572693,0.0000946646
29208,-0.0000272335,-0.0000701735,-0.0000815328,0.0001109665
29209,-0.0000251294,-0.0000705308,-0.0000720124,0.0001038839
29210,-0.0000236284,-0.0000684336,-0.0000683678,0.0000995772
29211,-0.0000303522,-0.0000721064,-0.0000923144,0.0001210064
29212,-0.0000276695,-0.0000721651,-0.0000808618,0.0001118572
29213,-0.0000348551,-0.0000625714,-0.0001233542,0.0001426405
29214,-0.0000310893,-0.0000621720,-0.0001085226,0.0001288762
29215,-0.0000276383,-0.0000617499,-0.0000943963,0.0001161360
29216,-0.0000243168,-0.0000616256,-0.0000805725,0.0001043118
29217,-0.0000211276,-0.0000615149,-0.0000670680,0.0000934268
29218,-0.0000181339,-0.0000614648,-0.0000541714,0.0000839125
29219,-0.0000242899,-0.0000600933,-0.0000826673,0.0001050480
29220,-0.0000210293,-0.0000586300,-0.0000712174,0.0000946131
29221,-0.0000178506,-0.0000571464,-0.0000603589,0.0000850150
29222,-0.0000149135,-0.0000558359,-0.0000502145,0.0000765608
29223,-0.0000121965,-0.0000545028,-0.0000407130,0.0000691148
29224,-0.0000094658,-0.0000532724,-0.0000318642,0.0000627924
29225,-0.0000207113,-0.0000572634,-0.0000722566,0.0000944937
29226,-0.0000237475,-0.0000575705,-0.0000843469,0.0001048461
29227,-0.0000267048,-0.0000579674,-0.0000962854,0.0001155173
29228,-0.0000296742,-0.0000583315,-0.0001083118,0.0001265487
29229,-0.0000308908,-0.0000608134,-0.0001093397,0.0001288707
29230,-0.0000271876,-0.0000590741,-0.0000962438,0.0001161541
29231,-0.0000342013,-0.0000612319,-0.0001226219,0.0001412629
29232,-0.0000301548,-0.0000594322,-0.0001084964,0.0001273302
29233,-0.0000328143,-0.0000597303,-0.0001190954,0.0001372159
29234,-0.0000275257,-0.0000604850,-0.0000959097,0.0001166823
29235,-0.0000240658,-0.0000588354,-0.0000837625,0.0001051519
29236,-0.0000233898,-0.0000564565,-0.0000849114,0.0001046153
29237,-0.0000203382,-0.0000550237,-0.0000748085,0.0000950660
29238,-0.0000175921,-0.0000538192,-0.0000658159,0.0000868201
29239,-0.0000232754,-0.0000554837,-0.0000864576,0.0001053333
29240,-0.0000261971,-0.0000560620,-0.0000978264,0.0001157551
29241,-0.0000261972,-0.0000568272,-0.0000962419,0.0001147960
29242,-0.0000289589,-0.0000572735,-0.0001071413,0.0001248924
29243,-0.0000206866,-0.0000542871,-0.0000780958,0.0000973343
29244,-0.0000242000,-0.0000550476,-0.0000915345,0.0001095191
29245,-0.0000146944,-0.0000546466,-0.0000517603,0.0000766897
29246,-0.0000175000,-0.0000547639,-0.0000632782,0.0000854954
29247,-0.0000176308,-0.0000559834,-0.0000616514,0.0000851227
29248,-0.0000205225,-0.0000562328,-0.0000732421,0.0000945923
29249,-0.0000119582,-0.0000533950,-0.0000425055,0.0000692874
29250,-0.0000146556,-0.0000535337,-0.0000539532,0.0000774054
29251,-0.0000101900,-0.0000571986,-0.0000269162,0.0000640312
29252,-0.0000126833,-0.0000571923,-0.0000376143,0.0000696180
29253,-0.0000151777,-0.0000571047,-0.0000487717,0.0000766158
29254,-0.0000154077,-0.0000586097,-0.0000469566,0.0000766643
29255,-0.0000181911,-0.0000598935,-0.0000568024,0.0000845261
29256,-0.0000126933,-0.0000585100,-0.0000354504,0.0000695793
29257,-0.0000153185,-0.0000599139,-0.0000445418,0.0000762122
29258,-0.0000180795,-0.0000585422,-0.0000588670,0.0000849669
29259,-0.0000211321,-0.0000599817,-0.0000696613,0.0000943243
29260,-0.0000055812,-0.0000547563,-0.0000115811,0.0000562452
29261,-0.0000077374,-0.0000546997,-0.0000212349,0.0000591848
29262,-0.0000097689,-0.0000545412,-0.0000304176,0.0000632092
29263,-0.0000100796,-0.0000558110,-0.0000290786,0.0000637340
29264,-0.0000078053,-0.0000559481,-0.0000189931,0.0000595974
29265,-0.0000124098,-0.0000557905,-0.0000393277,0.0000693776
29266,-0.0000035546,-0.0000534282,-0.0000058394,0.0000538638
29267,-0.0000071102,-0.0000532809,-0.0000218375,0.0000580197
29268,-0.0000055601,-0.0000536489,-0.0000141830,0.0000557698
29269,-0.0000418475,-0.0000680696,-0.0001452743,0.0001657990
29270,-0.0000375699,-0.0000673867,-0.0001284078,0.0001498033
29271,-0.0000337527,-0.0000670486,-0.0001132299,0.0001358520
29272,-0.0000301900,-0.0000666591,-0.0000986527,0.0001228300
29273,-0.0000268425,-0.0000664326,-0.0000846871,0.0001109311
29274,-0.0000305513,-0.0000650953,-0.0001022056,0.0001249671
29275,-0.0000274650,-0.0000632484,-0.0000914974,0.0001145708
29276,-0.0000377842,-0.0000658572,-0.0001313483,0.0001517142
29277,-0.0000344521,-0.0000638919,-0.0001200768,0.0001403123
29278,-0.0000409477,-0.0000663234,-0.0001438888,0.0001636444
29279,-0.0000379133,-0.0000643243,-0.0001337915,0.0001532162
29280,-0.0000341640,-0.0000654019,-0.0001169497,0.0001382817
29281,-0.0000308422,-0.0000635362,-0.0001056652,0.0001270953
29282,-0.0000238258,-0.0000647050,-0.0000742267,0.0001013114
29283,-0.0000271134,-0.0000648576,-0.0000880350,0.0001126579
29284,-0.0000209378,-0.0000630265,-0.0000641370,0.0000923271
29285,-0.0000240542,-0.0000630748,-0.0000774687,0.0001027542
29286,-0.0000430140,-0.0000730489,-0.0001440359,0.0001671307
29287,-0.0000398471,-0.0000708063,-0.0001336158,0.0001563794
29288,-0.0000368506,-0.0000688700,-0.0001236608,0.0001462636
29289,-0.0000432437,-0.0000714652,-0.0001468747,0.0001689659
29290,-0.0000466206,-0.0000722034,-0.0001598794,0.0001815164
29291,-0.0000463665,-0.0000735967,-0.0001570325,0.0001795147
29292,-0.0000494797,-0.0000740701,-0.0001692728,0.0001912796
29293,-0.0000405473,-0.0000693122,-0.0001382839,0.0001599084
29294,-0.0000445457,-0.0000702430,-0.0001537046,0.0001747670
29295,-0.0000331408,-0.0000703344,-0.0001066784,0.0001320058
29296,-0.0000364298,-0.0000705140,-0.0001200689,0.0001439301
29297,-0.0000364534,-0.0000723923,-0.0001177145,0.0001429202
29298,-0.0000397601,-0.0000726645,-0.0001310367,0.0001550213
29299,-0.0000299702,-0.0000684213,-0.0000954232,0.0001211828
29300,-0.0000332683,-0.0000686057,-0.0001094294,0.0001333729
